90
# x y z
1.1208360790455	1616.971424533	0
2.241672158091	1616.8138357368	0
3.3625082371365	1616.6575799239	0
4.7635533357247	1616.5030823518	0
5.8843894147702	1616.2475842927	0
7.0052254938157	1616.1348962615	0
8.406270592383	1615.7343722465	0
9.5271066714285	1615.6100970198	0
10.928151770017	1615.2949934651	0
12.048987849062	1615.0245722337	0
13.169823927191	1614.8450878784	0
14.570869026675	1614.5474042773	0
15.691705104804	1614.2921785055	0
16.81254118385	1614.0515017403	0
18.213586282438	1613.8451781309	0
19.334422361483	1613.606515067	0
20.735467460967	1613.262496451	0
21.856303539096	1613.0596749442	0
22.977139618163	1612.7762637796	0
24.37818471673	1612.4114641463	0
25.499020795775	1612.1727337754	0
26.619856874821	1611.9237293062	0
28.020901973409	1611.4934130982	0
29.141738052455	1611.1956741218	0
30.2625741315	1610.845419518	0
31.663619230068	1610.5050238512	0
32.784455309113	1610.1272927191	0
34.185500407701	1609.5778750466	0
35.306336486747	1609.1763466283	0
36.427172565792	1608.8230399607	0
37.82821766436	1608.3707440599	0
38.949053743405	1607.9811684363	0
40.069889822451	1607.5638687784	0
41.470934921039	1606.9710109013	0
42.591771000084	1606.5125848679	0
43.992816098652	1605.8915568952	0
45.113652177718	1605.5176081071	0
46.234488256763	1605.1068601679	0
47.635533355331	1605.3889735325	0
48.756369434376	1606.1024316775	0
49.877205513422	1606.6963135379	0
51.27825061201	1607.4556627777	0
52.399086691055	1608.1718269675	0
53.800131789623	1609.0061778593	0
54.920967868668	1609.556053831	0
56.041803947714	1610.221126547	0
57.442849046302	1611.013884198	0
58.563685125348	1611.7066476006	0
59.684521204393	1612.3569152376	0
61.08556630296	1613.134070834	0
62.206402382006	1613.7333672318	0
63.327238460135	1614.284923735	0
64.72828355964	1615.0370515525	0
65.849119637769	1615.656996189	0
67.250164737273	1616.3947864047	0
68.371000815402	1616.908830915	0
69.491836894448	1617.4364598017	0
70.892881993015	1617.9844444484	0
72.013718072061	1618.4954093607	0
73.134554151106	1618.9334193637	0
74.535599249694	1619.6060384114	0
75.65643532874	1619.9621012981	0
77.057480427307	1620.5469704534	0
78.178316506353	1620.9218915207	0
79.299152585398	1621.2630746788	0
80.700197683987	1621.7987308358	0
81.821033763032	1622.1629274602	0
82.941869842078	1622.5782048505	0
84.342914940645	1623.0100226151	0
85.46375101969	1623.3272181919	0
86.864796118279	1623.7461270975	0
87.985632197324	1624.0354257837	0
89.10646827637	1624.3106781235	0
90.507513374958	1624.7152041481	0
91.628349454003	1624.9463900229	0
92.749185533049	1625.2291281182	0
94.150230631616	1625.5642732319	0
95.271066710662	1625.8608875705	0
96.391902789707	1626.0780007881	0
97.792947888295	1626.3882102106	0
98.913783967341	1626.6608467581	0
100.31482906591	1627.0430033213	0
101.43566514495	1627.3336713978	0
102.556501224	1627.6905526757	0
103.95754632259	1628.164124606	0
105.07838240163	1628.5391561179	0
106.19921848068	1628.878005255	0
107.60026357925	1629.3545665312	0
108.72109965829	1629.6792628545	0
110.12214475688	1630.0740875015	0
1602
# g s err t valid 
2	1	1.16036880513224e-04	2.22046482341353e-03	1
3	1	2.21955745225193e-04	4.23387698449252e-03	1
4	1	3.53932961736024e-04	6.79404501455135e-03	1
5	1	4.61091131935142e-04	8.65482814715916e-03	1
6	1	5.66066745358048e-04	1.16491567881932e-02	1
7	1	7.01438705159299e-04	1.28680025887444e-02	1
8	1	8.05716770585145e-04	1.60191940315837e-02	1
9	1	9.37996983122860e-04	1.84376780373753e-02	1
10	1	1.04327313381331e-03	2.11547317796249e-02	1
11	1	1.11322414138828e-03	2.47247091151316e-02	1
12	1	1.17284909049402e-03	2.46892391388048e-02	1
13	1	1.21810345221703e-03	2.45290018228951e-02	1
14	1	1.26393738745737e-03	2.42880094480831e-02	1
15	1	1.32426528969298e-03	2.60925058713777e-02	1
16	1	1.35308859654464e-03	2.74211665906741e-02	1
17	1	1.38732257571392e-03	2.73941775441759e-02	1
18	1	1.42200153170786e-03	2.88618954179661e-02	1
19	1	1.44184122682092e-03	2.76215023373817e-02	1
20	1	1.48147601284330e-03	2.97143805207977e-02	1
21	1	1.50905159344368e-03	3.08819805321300e-02	1
22	1	1.53983539578798e-03	2.84162957038201e-02	1
23	1	1.57263865808642e-03	3.08608379993998e-02	1
24	1	1.60553286595499e-03	3.29409440786041e-02	1
25	1	1.62967119056621e-03	3.06368223328558e-02	1
26	1	1.66040864719043e-03	3.51274514305062e-02	1
27	1	1.68547360110575e-03	3.51589735523545e-02	1
28	1	1.70874438558618e-03	3.37784857546248e-02	1
29	1	1.73609320650403e-03	3.41288398676217e-02	1
30	1	1.75928105572832e-03	3.69139408477584e-02	1
31	1	1.77284789220907e-03	3.72540079739662e-02	1
32	1	1.77683786688066e-03	3.24132528185911e-02	1
33	1	1.78179254753537e-03	3.33333632308126e-02	1
34	1	1.78152126456626e-03	4.02476551158600e-02	1
35	1	1.78696025023797e-03	3.39941818047077e-02	1
36	1	1.79125370214526e-03	3.67946981907368e-02	1
37	1	1.79817506578433e-03	3.51895016686312e-02	1
38	1	1.80476410489579e-03	3.70829225186356e-02	1
39	1	1.84950835335050e-03	3.52644470837030e-02	1
40	1	1.89208903810052e-03	3.83939853757807e-02	1
41	1	1.93662952359185e-03	3.74496300114732e-02	1
42	1	1.98540288752400e-03	3.61749819138696e-02	1
43	1	2.02519638210233e-03	4.45544998409789e-02	1
44	1	2.07249200887472e-03	4.01682975284646e-02	1
45	1	2.10979728886363e-03	4.57363406247469e-02	1
46	1	2.15149115149745e-03	4.76065178274633e-02	1
47	1	2.20000560833629e-03	4.26585199672091e-02	1
48	1	2.24318082930096e-03	4.35147140393609e-02	1
49	1	2.28680133428122e-03	4.99360721743019e-02	1
50	1	2.32618238138547e-03	4.65121568662657e-02	1
51	1	2.36099734228508e-03	5.24305181034513e-02	1
52	1	2.39387368597083e-03	4.41266621905057e-02	1
53	1	2.43582777194017e-03	5.07970909991522e-02	1
54	1	2.47599823293683e-03	4.73608273312696e-02	1
55	1	2.52016074260314e-03	5.29265640070505e-02	1
56	1	2.55146780679694e-03	5.16762824006153e-02	1
57	1	2.58736792556408e-03	5.25541536345813e-02	1
58	1	2.62615895687808e-03	5.56840918572284e-02	1
59	1	2.65891694563041e-03	4.79482151959231e-02	1
60	1	2.68900282770593e-03	5.54429502037255e-02	1
61	1	2.73148686507332e-03	5.58813930414038e-02	1
62	1	2.75947144736815e-03	5.62599072431011e-02	1
63	1	2.79231046296260e-03	5.34579270311688e-02	1
64	1	2.81973908818504e-03	5.53802976549985e-02	1
65	1	2.83247331558132e-03	5.24606564229872e-02	1
66	1	2.85239983718282e-03	5.74195762499703e-02	1
67	1	2.86270195554571e-03	5.55297649016171e-02	1
68	1	2.88082978937203e-03	6.01035737590147e-02	1
69	1	2.89712099627803e-03	5.69023700341857e-02	1
70	1	2.90904568870675e-03	5.59505245431370e-02	1
71	1	2.91959257710402e-03	6.28532061160506e-02	1
72	1	2.92966870543562e-03	5.69236140109293e-02	1
73	1	2.94034148330438e-03	5.59794040932182e-02	1
74	1	2.95898989807174e-03	6.12454615535874e-02	1
75	1	2.96996137895494e-03	5.69587457149819e-02	1
76	1	2.97785754454060e-03	6.04667934111194e-02	1
77	1	2.99241570730702e-03	5.43502408303074e-02	1
78	1	3.00983378251896e-03	5.72739571014835e-02	1
79	1	3.01994260382593e-03	6.05823280493878e-02	1
80	1	3.03762436858403e-03	6.21833144841824e-02	1
81	1	3.05031662824326e-03	5.64976354678280e-02	1
82	1	3.07629624366280e-03	6.37675339706604e-02	1
83	1	3.08618497724077e-03	6.32201174505334e-02	1
84	1	3.10515855485317e-03	5.89934125394254e-02	1
85	1	3.12413787672026e-03	6.30294990184392e-02	1
86	1	3.14572473158966e-03	6.02969550914394e-02	1
87	1	3.16178994759447e-03	6.19074214854628e-02	1
88	1	3.18012874974952e-03	6.40209266055201e-02	1
89	1	3.19690382005033e-03	6.80611372232886e-02	1
90	1	3.22771592182280e-03	6.61245229243112e-02	1
1	6	5.66066745358048e-04	1.09583925592195e-02	1
2	6	4.60029864844824e-04	8.40440987564437e-03	1
3	6	3.54111000132855e-04	6.67953384377731e-03	1
4	6	2.22133783622024e-04	4.36339364468656e-03	1
5	6	1.14975613422907e-04	2.15447842972008e-03	1
7	6	1.45414388503931e-04	2.74784602066870e-03	1
8	6	2.49692453929777e-04	4.83074965671487e-03	1
9	6	3.81972666467492e-04	7.40488987195699e-03	1
10	6	4.87248817157945e-04	9.64823493354656e-03	1
11	6	5.89923578434906e-04	1.21070603416535e-02	1
12	6	7.17729246655508e-04	1.31789148577545e-02	1
13	6	8.19146566186636e-04	1.51486561026142e-02	1
14	6	9.19543961414745e-04	1.97593421143392e-02	1
15	6	1.02926903926622e-03	2.03333020371617e-02	1
16	6	1.06797263277980e-03	2.20361609724303e-02	1
17	6	1.12116855776618e-03	2.43635239743050e-02	1
18	6	1.16306067130627e-03	2.18725172740896e-02	1
19	6	1.18290036641932e-03	2.26897996133021e-02	1
20	6	1.22337354897699e-03	2.46735825329484e-02	1
21	6	1.25267838071309e-03	2.43167475081115e-02	1
22	6	1.28667312997447e-03	2.61444757178814e-02	1
23	6	1.32017283869113e-03	2.81791994304932e-02	1
24	6	1.35469732308812e-03	2.53043735630790e-02	1
25	6	1.38029777464241e-03	2.76355052732853e-02	1
26	6	1.41543250454484e-03	3.23235640494478e-02	1
27	6	1.44570175464942e-03	2.71287015317866e-02	1
28	6	1.47342264911948e-03	2.86431752046441e-02	1
29	6	1.50376379818308e-03	3.10687651579526e-02	1
30	6	1.53451414724168e-03	3.16170468137030e-02	1
31	6	1.57217941520700e-03	3.05903118841009e-02	1
32	6	1.60165837096966e-03	3.23377921262991e-02	1
33	6	1.62689542605844e-03	3.21746668153863e-02	1
34	6	1.63437762628503e-03	2.90383984145935e-02	1
35	6	1.63981661195674e-03	3.07727444164123e-02	1
36	6	1.64411006386403e-03	3.03418507538684e-02	1
37	6	1.65284791722292e-03	3.79904500498337e-02	1
38	6	1.65943695633438e-03	3.36973956027452e-02	1
39	6	1.70653389226848e-03	3.49101501142096e-02	1
40	6	1.74911457701850e-03	3.21921480464193e-02	1
41	6	1.79365506250983e-03	3.59108873235272e-02	1
42	6	1.84352607599900e-03	3.70182755896478e-02	1
43	6	1.88331957057733e-03	3.45131454170127e-02	1
44	6	1.93191561636454e-03	3.64326258868936e-02	1
45	6	1.96922089635345e-03	3.83713575956762e-02	1
46	6	2.01091475898727e-03	3.66504799544251e-02	1
47	6	2.06078420589707e-03	4.17856287734901e-02	1
48	6	2.10395942686173e-03	4.42116640311835e-02	1
49	6	2.14949967068747e-03	4.12338811025450e-02	1
50	6	2.19092604635489e-03	4.54446092137822e-02	1
51	6	2.22574100725450e-03	4.48751678544686e-02	1
52	6	2.25861735094025e-03	4.53408841383154e-02	1
53	6	2.30099349737751e-03	4.62895079762807e-02	1
54	6	2.34116395837417e-03	4.52971224695791e-02	1
55	6	2.38564687231108e-03	4.83008603089053e-02	1
56	6	2.41695393650489e-03	5.20906654299760e-02	1
57	6	2.45343250075178e-03	4.81897981043010e-02	1
58	6	2.49229728403982e-03	4.76913875854731e-02	1
59	6	2.52505527279215e-03	5.17900521992331e-02	1
60	6	2.55693837872731e-03	5.29916037126826e-02	1
61	6	2.60072729710528e-03	5.47074697828974e-02	1
62	6	2.62899232861560e-03	5.44778100482863e-02	1
63	6	2.66339966210297e-03	5.22797983294073e-02	1
64	6	2.69173026917151e-03	5.13330721291673e-02	1
65	6	2.70595761823100e-03	5.78433033900159e-02	1
66	6	2.72726133723162e-03	5.80561065722866e-02	1
67	6	2.73961912309702e-03	5.44126642177259e-02	1
68	6	2.75774695692335e-03	5.67245457864761e-02	1
69	6	2.78063563080069e-03	5.59775401798731e-02	1
70	6	2.79544792087697e-03	5.61315100048373e-02	1
71	6	2.80697912338495e-03	6.05288631915068e-02	1
72	6	2.82120605861714e-03	5.76141195131437e-02	1
73	6	2.83393142704667e-03	5.36863296172446e-02	1
74	6	2.85323628211460e-03	5.39679099409466e-02	1
75	6	2.86420776299780e-03	5.41860389777795e-02	1
76	6	2.87210392858346e-03	5.36650131210743e-02	1
77	6	2.88666209134988e-03	5.97315288530784e-02	1
78	6	2.90408016656182e-03	5.49557093091601e-02	1
79	6	2.91418898786879e-03	6.04918025930334e-02	1
80	6	2.93187075262688e-03	5.94822689952767e-02	1
81	6	2.94456301228611e-03	5.17249891326174e-02	1
82	6	2.97054262770566e-03	5.43685863023946e-02	1
83	6	2.98043136128363e-03	6.20625344459566e-02	1
84	6	2.99940493889602e-03	5.54821366738821e-02	1
85	6	3.01838426076312e-03	6.26907896166931e-02	1
86	6	3.03997111563252e-03	5.83182017445550e-02	1
87	6	3.05603633163733e-03	5.59001855662240e-02	1
88	6	3.07437513379238e-03	5.83578141739291e-02	1
89	6	3.09115020409319e-03	5.75335643253635e-02	1
90	6	3.12196230586566e-03	6.18967387071128e-02	1
1	11	1.11322414138828e-03	2.45503095094999e-02	1
2	11	1.03991101457705e-03	2.02994646058606e-02	1
3	11	9.33992149865081e-04	1.89790542419698e-02	1
4	11	8.02014933354250e-04	1.58689044054536e-02	1
5	11	6.94856763155132e-04	1.44673237619665e-02	1
6	11	5.89923578434906e-04	1.18333104905430e-02	1
7	11	4.54509189930975e-04	8.90527935571580e-03	1
8	11	3.50231124505129e-04	6.36844526867994e-03	1
9	11	2.17950911967414e-04	3.94595509519890e-03	1
10	11	1.12674761276962e-04	1.85617238201558e-03	1
12	11	1.37805668220601e-04	2.52001497155521e-03	1
13	11	2.39222987751730e-04	4.39601778207699e-03	1
14	11	3.39620382979839e-04	7.05256297002435e-03	1
15	11	4.63631802753206e-04	8.97404522486677e-03	1
16	11	5.64056847280933e-04	1.18478104275054e-02	1
17	11	6.90527703619956e-04	1.30445198422380e-02	1
18	11	7.90397730581360e-04	1.50920379987578e-02	1
19	11	8.65656395966712e-04	1.88554963290764e-02	1
20	11	9.24427339266233e-04	1.94600163889159e-02	1
21	11	9.62682996732649e-04	1.89664686655422e-02	1
22	11	9.96903747386790e-04	2.01699017595413e-02	1
23	11	1.03113342234594e-03	1.95771768238269e-02	1
24	11	1.06914491626791e-03	2.28818134108361e-02	1
25	11	1.09710551498563e-03	2.36204979307601e-02	1
26	11	1.13745989581620e-03	2.25796868846621e-02	1
27	11	1.16921900965151e-03	2.13883464444233e-02	1
28	11	1.20073559540861e-03	2.36129723016664e-02	1
29	11	1.23946006654843e-03	2.53155237387213e-02	1
30	11	1.27292210022811e-03	2.40620184072173e-02	1
31	11	1.31297909234349e-03	2.53324121413000e-02	1
32	11	1.34291651870976e-03	2.63719157312201e-02	1
33	11	1.37574613564308e-03	2.63518709899247e-02	1
34	11	1.40846523626746e-03	2.91066233573121e-02	1
35	11	1.43733573539145e-03	2.90148009805274e-02	1
36	11	1.45562445781545e-03	3.02004618656156e-02	1
37	11	1.46568021320195e-03	2.83821909807820e-02	1
38	11	1.47226925231341e-03	2.89153088541200e-02	1
39	11	1.51957894257978e-03	2.95700377953175e-02	1
40	11	1.56324119058341e-03	3.03469120247457e-02	1
41	11	1.60778167607474e-03	3.06701895933749e-02	1
42	11	1.65950095512457e-03	3.32493789061177e-02	1
43	11	1.69929444970290e-03	3.17364652554667e-02	1
44	11	1.74815866454863e-03	3.43809723379953e-02	1
45	11	1.78546394453754e-03	3.53389206623359e-02	1
46	11	1.82715780717136e-03	3.57485551594720e-02	1
47	11	1.87702725408116e-03	3.89865608134950e-02	1
48	11	1.92020247504583e-03	3.71879308603390e-02	1
49	11	1.96574271887156e-03	3.98071383240569e-02	1
50	11	2.01043905234522e-03	3.80620197019429e-02	1
51	11	2.04525401324482e-03	4.19098137912986e-02	1
52	11	2.07813035693057e-03	4.11613535979654e-02	1
53	11	2.12052228429337e-03	4.14652750677363e-02	1
54	11	2.16069274529003e-03	4.43839180954488e-02	1
55	11	2.20564173057661e-03	4.19192101861351e-02	1
56	11	2.23694879477042e-03	4.43265972549899e-02	1
57	11	2.27470328884843e-03	4.55783817274778e-02	1
58	11	2.31446130124622e-03	4.28922663194466e-02	1
59	11	2.34861294672651e-03	4.46337071644016e-02	1
60	11	2.38065437901741e-03	4.70646903188660e-02	1
61	11	2.42553982682315e-03	5.06405845461579e-02	1
62	11	2.45570074470941e-03	4.47305109474642e-02	1
63	11	2.49093267774667e-03	4.73724218965657e-02	1
64	11	2.51950862807482e-03	4.95975648597879e-02	1
65	11	2.53440443445134e-03	5.11345928965302e-02	1
66	11	2.55987463299714e-03	5.02533123833990e-02	1
67	11	2.57294362065188e-03	5.10107808949187e-02	1
68	11	2.59335602154925e-03	5.38380609765675e-02	1
69	11	2.61879201848512e-03	5.03263567937705e-02	1
70	11	2.63530699484559e-03	5.07638190254421e-02	1
71	11	2.64961151898464e-03	5.43681256179642e-02	1
72	11	2.66396810747853e-03	5.28201565095079e-02	1
73	11	2.67698378162745e-03	4.90685937407032e-02	1
74	11	2.69715834905534e-03	5.61062277003193e-02	1
75	11	2.71018376435636e-03	5.40473142709477e-02	1
76	11	2.72632409220764e-03	5.18066165440462e-02	1
77	11	2.74440570948724e-03	5.47024114492629e-02	1
78	11	2.76377497804782e-03	5.35954238103390e-02	1
79	11	2.77675182359258e-03	5.45300347870618e-02	1
80	11	2.79476391490513e-03	5.44313702322379e-02	1
81	11	2.80745617456436e-03	5.72289468214218e-02	1
82	11	2.83343578998391e-03	5.70505404202115e-02	1
83	11	2.84352514785030e-03	5.55710990786904e-02	1
84	11	2.86249872546270e-03	5.47813390631614e-02	1
85	11	2.88147804732979e-03	5.65626871870244e-02	1
86	11	2.90306490219919e-03	5.74057909800902e-02	1
87	11	2.91913011820400e-03	5.66836755938769e-02	1
88	11	2.93746892035905e-03	5.88009005621642e-02	1
89	11	2.95424399065986e-03	5.89852969795181e-02	1
90	11	2.98505609243233e-03	5.90496377623696e-02	1
1	16	1.35308859654464e-03	2.54662846686809e-02	1
2	16	1.29168528881289e-03	2.34710136608130e-02	1
3	16	1.24644367061040e-03	2.53420375561921e-02	1
4	16	1.16938334408851e-03	2.01723887674698e-02	1
5	16	1.11333335436098e-03	2.13889450306143e-02	1
6	16	1.06797263277980e-03	2.14149524167245e-02	1
7	16	9.86856885892557e-04	1.92206594616287e-02	1
8	16	9.04287971786062e-04	1.73223993550318e-02	1
9	16	7.72007759248347e-04	1.47633965880990e-02	1
10	16	6.66731608557895e-04	1.32858340147110e-02	1
11	16	5.64056847280933e-04	9.97787283927199e-03	1
12	16	4.36251179060332e-04	8.28366284485786e-03	1
13	16	3.34833859529203e-04	6.87629474737115e-03	1
14	16	2.34436464301094e-04	4.82879087172795e-03	1
15	16	1.10425044527727e-04	2.12953464150846e-03	1
17	16	1.36470856339023e-04	2.68295655627510e-03	1
18	16	2.36340883300427e-04	4.59426612192463e-03	1
19	16	3.38059279285753e-04	6.58869249584011e-03	1
20	16	4.64766110032942e-04	8.87439560205667e-03	1
21	16	5.64899919951660e-04	1.12475545918194e-02	1
22	16	6.63570819669103e-04	1.34238693064879e-02	1
23	16	7.19462092499520e-04	1.41450909966791e-02	1
24	16	7.71795695646860e-04	1.43399141408998e-02	1
25	16	8.05666979336702e-04	1.65336773261550e-02	1
26	16	8.46147719212690e-04	1.58881482216728e-02	1
27	16	8.79785327540677e-04	1.85396651390460e-02	1
28	16	9.15545037136155e-04	1.91085323875286e-02	1
29	16	9.55602998062335e-04	2.10559266184272e-02	1
30	16	9.93850325809886e-04	1.84588373534576e-02	1
31	16	1.03842799171357e-03	2.09570805861395e-02	1
32	16	1.07018249351276e-03	2.17421307359245e-02	1
33	16	1.10640583526324e-03	2.20740816789274e-02	1
34	16	1.14360008885489e-03	2.24701689776631e-02	1
35	16	1.17666037634183e-03	2.45738034107809e-02	1
36	16	1.21264951962336e-03	2.46860851461940e-02	1
37	16	1.24442105404039e-03	2.53221524754185e-02	1
38	16	1.27637984046134e-03	2.48238564819488e-02	1
39	16	1.33834903175424e-03	2.74925180937796e-02	1
40	16	1.38592308744343e-03	2.57210337616554e-02	1
41	16	1.43046357293476e-03	2.84000017349412e-02	1
42	16	1.48247203332779e-03	3.02747570277983e-02	1
43	16	1.52226552790611e-03	2.99446826902797e-02	1
44	16	1.57287450347821e-03	3.32028852048415e-02	1
45	16	1.61017978346712e-03	3.15093651743914e-02	1
46	16	1.65187364610094e-03	3.54390733824079e-02	1
47	16	1.70174309301074e-03	3.27891854246231e-02	1
48	16	1.74491831397541e-03	3.42024611393265e-02	1
49	16	1.79045855780114e-03	3.62067274425778e-02	1
50	16	1.83618547360097e-03	3.51420156658130e-02	1
51	16	1.87100043450058e-03	3.70253747684961e-02	1
52	16	1.90387677818633e-03	4.07922788221125e-02	1
53	16	1.94742701798984e-03	4.14813133203789e-02	1
54	16	1.98759747898650e-03	3.96212630153567e-02	1
55	16	2.03254646427309e-03	4.25108025947210e-02	1
56	16	2.06385352846689e-03	4.49483651891406e-02	1
57	16	2.10160802254490e-03	4.19239856135730e-02	1
58	16	2.14152968038471e-03	3.92498618968024e-02	1
59	16	2.17691176440595e-03	4.21947508702050e-02	1
60	16	2.20926669568661e-03	4.64266729730752e-02	1
61	16	2.25415214349235e-03	4.65543571969015e-02	1
62	16	2.28431306137861e-03	4.47767191738936e-02	1
63	16	2.32026643170930e-03	4.40845549786161e-02	1
64	16	2.34964618762228e-03	4.68385954447221e-02	1
65	16	2.36454199399880e-03	4.76639133089035e-02	1
66	16	2.39001219254460e-03	4.88147928516256e-02	1
67	16	2.40308118019934e-03	4.75930505568961e-02	1
68	16	2.42409154747975e-03	4.46045967923420e-02	1
69	16	2.45260946024271e-03	4.81753294526785e-02	1
70	16	2.46912443660318e-03	4.83848997907353e-02	1
71	16	2.48544558391773e-03	4.87766784857844e-02	1
72	16	2.50491869520016e-03	4.87933417833661e-02	1
73	16	2.51793436934907e-03	5.06782893769804e-02	1
74	16	2.53958874502968e-03	5.38952905865513e-02	1
75	16	2.55261416033070e-03	4.84315612058383e-02	1
76	16	2.57193663469430e-03	4.71035888298390e-02	1
77	16	2.59035240520147e-03	5.13409050970819e-02	1
78	16	2.60972167376206e-03	5.18193745623305e-02	1
79	16	2.62269851930681e-03	5.44233191337536e-02	1
80	16	2.64730393101033e-03	5.28752062695890e-02	1
81	16	2.66389086702885e-03	5.24635142115125e-02	1
82	16	2.69124013511584e-03	5.71723577866288e-02	1
83	16	2.70132949298223e-03	4.81631316766669e-02	1
84	16	2.72030307059462e-03	5.37722731508229e-02	1
85	16	2.73928239246172e-03	5.67272452807191e-02	1
86	16	2.76086924733112e-03	5.80640098250705e-02	1
87	16	2.77693446333593e-03	5.71526180920149e-02	1
88	16	2.79527326549098e-03	5.88033118711253e-02	1
89	16	2.81204833579178e-03	6.13125153946100e-02	1
90	16	2.84286043756426e-03	5.37427913577002e-02	1
1	21	1.50905159344368e-03	3.19101981768084e-02	1
2	21	1.45021128910469e-03	2.94793536702288e-02	1
3	21	1.40496967090219e-03	2.61741256090178e-02	1
4	21	1.34298741223358e-03	2.71231639731790e-02	1
5	21	1.29644425302952e-03	2.65346327417988e-02	1
6	21	1.25267838071309e-03	2.42567701387395e-02	1
7	21	1.18077855007125e-03	2.28896754376145e-02	1
8	21	1.13950681758691e-03	2.32376505626377e-02	1
9	21	1.06481698632692e-03	2.15558723350979e-02	1
10	21	1.00956446951802e-03	1.97062095177880e-02	1
11	21	9.62682996732649e-04	1.57055270131759e-02	1
12	21	8.89229508370817e-04	1.72214991710068e-02	1
13	21	8.25251392862205e-04	1.72160451743075e-02	1
14	21	7.57743561081126e-04	1.44178825499776e-02	1
15	21	6.65324964479387e-04	1.26875516197718e-02	1
16	21	5.64899919951660e-04	1.14681642504928e-02	1
17	21	4.38429063612637e-04	8.68869107907878e-03	1
18	21	3.38559036651233e-04	6.63418266123814e-03	1
19	21	2.36840640665907e-04	4.54051763383520e-03	1
20	21	1.10133809918718e-04	2.04785986213432e-03	1
22	21	1.10267485903093e-04	2.01228247226932e-03	1
23	21	2.38162273859513e-04	4.36823920085049e-03	1
24	21	3.39714058575724e-04	6.66084926249216e-03	1
25	21	4.39145816521194e-04	8.72441163151420e-03	1
26	21	5.29120722612573e-04	1.03656318670360e-02	1
27	21	5.73773924534055e-04	1.07069197932496e-02	1
28	21	6.17228238062945e-04	1.33543683139177e-02	1
29	21	6.57286198989124e-04	1.23546415772529e-02	1
30	21	6.96379616490480e-04	1.35890284457038e-02	1
31	21	7.45585715708257e-04	1.47860422425994e-02	1
32	21	7.81317556378527e-04	1.62463562515962e-02	1
33	21	8.18172846055788e-04	1.74909810201775e-02	1
34	21	8.57770970718313e-04	1.73581027576786e-02	1
35	21	8.96177023529567e-04	1.90482479497597e-02	1
36	21	9.33426907167758e-04	1.70550414285379e-02	1
37	21	9.68858695032606e-04	1.90690711608024e-02	1
38	21	1.00457715500548e-03	1.96100275828907e-02	1
39	21	1.06867369662401e-03	2.02983246580861e-02	1
40	21	1.12723871723708e-03	2.21940775838476e-02	1
41	21	1.17925655371780e-03	2.30488452223385e-02	1
42	21	1.24646606165727e-03	2.47336818125625e-02	1
43	21	1.29600948086197e-03	2.61735277007966e-02	1
44	21	1.36428302686943e-03	2.79353669383220e-02	1
45	21	1.41313610482278e-03	2.65435593543290e-02	1
46	21	1.46917072671676e-03	2.94149753953087e-02	1
47	21	1.51904017362656e-03	2.94934559269550e-02	1
48	21	1.56221539459122e-03	3.18231628063741e-02	1
49	21	1.60775563841696e-03	3.48936907271068e-02	1
50	21	1.65724793393669e-03	3.34247610174815e-02	1
51	21	1.69254580825196e-03	3.27722001192959e-02	1
52	21	1.72542215193771e-03	3.66776463785704e-02	1
53	21	1.76897239174122e-03	3.36477171746899e-02	1
54	21	1.80914285273788e-03	3.40156442323993e-02	1
55	21	1.85409183802446e-03	3.64847566566751e-02	1
56	21	1.88539890221827e-03	3.47095141061757e-02	1
57	21	1.92315339629628e-03	3.79981039703522e-02	1
58	21	1.96307505413609e-03	3.76669233657756e-02	1
59	21	1.99846264892218e-03	4.38688410193914e-02	1
60	21	2.03152604227372e-03	3.90547897920808e-02	1
61	21	2.07641149007946e-03	4.26741419206650e-02	1
62	21	2.10657240796572e-03	4.12356818521589e-02	1
63	21	2.14252577829641e-03	4.28005704234863e-02	1
64	21	2.17204281722674e-03	4.12740808528258e-02	1
65	21	2.18693862360325e-03	4.15079459398781e-02	1
66	21	2.21280896186136e-03	4.44860573933808e-02	1
67	21	2.22587794951610e-03	4.14860908912951e-02	1
68	21	2.24688831679651e-03	4.69826200207074e-02	1
69	21	2.27590268297856e-03	4.30178846724367e-02	1
70	21	2.29291675191894e-03	4.61582544527420e-02	1
71	21	2.31035708519399e-03	4.92906945514822e-02	1
72	21	2.33043265461130e-03	4.58853123407315e-02	1
73	21	2.34407071310989e-03	4.86066820488014e-02	1
74	21	2.36580293029280e-03	4.64523980697333e-02	1
75	21	2.37882834559382e-03	4.38786891636994e-02	1
76	21	2.39815081995742e-03	5.18528444823023e-02	1
77	21	2.41754249564782e-03	4.03134413226762e-02	1
78	21	2.43697437944026e-03	4.93220436808854e-02	1
79	21	2.45231010384140e-03	4.79422161748551e-02	1
80	21	2.47978965837671e-03	5.06075110780270e-02	1
81	21	2.49668742905312e-03	5.32303417056957e-02	1
82	21	2.52552821995335e-03	5.10153056638589e-02	1
83	21	2.54486926377223e-03	4.58554130257224e-02	1
84	21	2.56653820319288e-03	5.25716768371744e-02	1
85	21	2.58764176900924e-03	5.10127758406283e-02	1
86	21	2.61074002370559e-03	4.97103353272942e-02	1
87	21	2.62680523971040e-03	5.63800241257879e-02	1
88	21	2.64514404186546e-03	5.95175720657007e-02	1
89	21	2.66191911216626e-03	5.84221226728280e-02	1
90	21	2.69273121393873e-03	5.34889605104989e-02	1
1	26	1.66040864719043e-03	3.38446338575563e-02	1
2	26	1.60425531619870e-03	3.28464827228861e-02	1
3	26	1.55901369799621e-03	3.09143903356402e-02	1
4	26	1.50474555895342e-03	3.06940319794814e-02	1
5	26	1.45919837686128e-03	2.84506240050987e-02	1
6	26	1.41543250454484e-03	2.64693069596803e-02	1
7	26	1.34867502429164e-03	2.55931146900660e-02	1
8	26	1.31078276525695e-03	2.48385599740877e-02	1
9	26	1.23632165757412e-03	2.40399589932705e-02	1
10	26	1.18273195754167e-03	2.42574325331913e-02	1
11	26	1.13745989581620e-03	2.24773437410638e-02	1
12	26	1.06742097157991e-03	2.11531715051060e-02	1
13	26	1.01730612756057e-03	2.04185355968078e-02	1
14	26	9.60349890218494e-04	1.89670815695699e-02	1
15	26	8.98910827903729e-04	1.75169432449752e-02	1
16	26	8.46147719212691e-04	1.60169129168253e-02	1
17	26	7.75639545910412e-04	1.45171632585222e-02	1
18	26	7.19583558856392e-04	1.31530996488977e-02	1
19	26	6.66610489429404e-04	1.30256756530119e-02	1
20	26	5.91693546346451e-04	1.17546648597687e-02	1
21	26	5.29120722612573e-04	1.03547816365269e-02	1
22	26	4.63023052006833e-04	9.26542524712346e-03	1
23	26	3.41202916290726e-04	6.57878494008035e-03	1
24	26	2.39651131574515e-04	4.57447102285243e-03	1
25	26	1.36620411346334e-04	2.65476207835781e-03	1
27	26	1.14308529620994e-04	2.24618992299660e-03	1
28	26	2.47027950209156e-04	4.85003333873657e-03	1
29	26	3.41323042676963e-04	6.56641678180671e-03	1
30	26	3.93983509713781e-04	7.59961055606881e-03	1
31	26	4.52808372724844e-04	8.92058054096642e-03	1
32	26	4.95574623326749e-04	9.92678889701822e-03	1
33	26	5.32429913004010e-04	1.03080369834092e-02	1
34	26	5.72854737561032e-04	1.15083747913437e-02	1
35	26	6.14154164421123e-04	1.18194211042052e-02	1
36	26	6.57594110460951e-04	1.30781428607652e-02	1
37	26	6.96148837471956e-04	1.45570706051874e-02	1
38	26	7.32874916090786e-04	1.48882515368796e-02	1
39	26	7.97530033906189e-04	1.54534755803650e-02	1
40	26	8.56095054519262e-04	1.73636869106402e-02	1
41	26	9.08112890999982e-04	1.72891926421781e-02	1
42	26	9.75322398939445e-04	1.88746832540848e-02	1
43	26	1.02486581814415e-03	1.92570474573639e-02	1
44	26	1.09313936415161e-03	2.12427317211922e-02	1
45	26	1.14199244210496e-03	2.21975512881546e-02	1
46	26	1.19990468098865e-03	2.37311969206689e-02	1
47	26	1.26846156248171e-03	2.52583983702967e-02	1
48	26	1.32162618134254e-03	2.39077808248339e-02	1
49	26	1.37716856018960e-03	2.83196202842865e-02	1
50	26	1.44770513291459e-03	2.81416108058050e-02	1
51	26	1.49755829094339e-03	2.77427600834261e-02	1
52	26	1.53043463462914e-03	3.16110454804108e-02	1
53	26	1.57638196764358e-03	3.33587747772020e-02	1
54	26	1.61655242864024e-03	3.35758054127046e-02	1
55	26	1.66222071604803e-03	3.21607661520878e-02	1
56	26	1.69388271855313e-03	3.49096705731671e-02	1
57	26	1.73299111260627e-03	3.45147940014432e-02	1
58	26	1.77393447401289e-03	3.05079208154028e-02	1
59	26	1.81025171618555e-03	3.79247482258991e-02	1
60	26	1.84574612758099e-03	3.62164866892614e-02	1
61	26	1.89454762588625e-03	3.97480926871015e-02	1
62	26	1.92480121259441e-03	3.84391090059511e-02	1
63	26	1.96075458292511e-03	3.73399424590310e-02	1
64	26	1.99027162185544e-03	3.76760337477629e-02	1
65	26	2.00516742823195e-03	4.01198338284858e-02	1
66	26	2.03103776649006e-03	3.89129849863686e-02	1
67	26	2.04410675414480e-03	4.36185028370367e-02	1
68	26	2.06511712142521e-03	3.64368598262538e-02	1
69	26	2.09570758126746e-03	4.07812784830045e-02	1
70	26	2.11299077215240e-03	4.45903598613823e-02	1
71	26	2.13251531355711e-03	4.23492862940855e-02	1
72	26	2.15298715479613e-03	4.02207751274546e-02	1
73	26	2.17013021244325e-03	4.88588853859629e-02	1
74	26	2.19282733887885e-03	4.32557347757293e-02	1
75	26	2.20585275417987e-03	4.41023830217693e-02	1
76	26	2.22517522854347e-03	4.57134388058033e-02	1
77	26	2.24456690423387e-03	4.65789542114523e-02	1
78	26	2.26399878802631e-03	4.49765861957394e-02	1
79	26	2.27933451242745e-03	4.48344342763698e-02	1
80	26	2.30681406696276e-03	4.26824488588666e-02	1
81	26	2.32371183763917e-03	4.49211101356098e-02	1
82	26	2.35295290797095e-03	5.29286338479993e-02	1
83	26	2.37441790049492e-03	4.98080615986251e-02	1
84	26	2.39717240544164e-03	5.20807475170856e-02	1
85	26	2.41975643695717e-03	4.82273451878991e-02	1
86	26	2.44511114926909e-03	5.08811923835427e-02	1
87	26	2.46253658737561e-03	5.10177046039359e-02	1
88	26	2.48547255773413e-03	4.70428803829089e-02	1
89	26	2.50389867304951e-03	5.14849504332157e-02	1
90	26	2.53763510407997e-03	4.87357814522682e-02	1
1	31	1.77284789220907e-03	3.22800902726097e-02	1
2	31	1.74432941610897e-03	3.64338319349890e-02	1
3	31	1.70343132499131e-03	3.28107684877897e-02	1
4	31	1.65687113284963e-03	3.44498456371877e-02	1
5	31	1.61224189360952e-03	3.04905652375008e-02	1
6	31	1.57217941520700e-03	3.29871062503332e-02	1
7	31	1.50802094106894e-03	3.01987113046133e-02	1
8	31	1.47571898875854e-03	2.75755044033996e-02	1
9	31	1.40471520919208e-03	2.83931149795755e-02	1
10	31	1.35753004023330e-03	2.63264684467749e-02	1
11	31	1.31297909234350e-03	2.67222580691880e-02	1
12	31	1.24649349484089e-03	2.39724295210101e-02	1
13	31	1.20200424166838e-03	2.48094708284643e-02	1
14	31	1.14659028828631e-03	2.18542686959716e-02	1
15	31	1.09119110040461e-03	2.38041265118282e-02	1
16	31	1.03842799171357e-03	1.92843625779321e-02	1
17	31	9.71627586551048e-04	2.10485442094542e-02	1
18	31	9.16801118824407e-04	1.88593003212706e-02	1
19	31	8.65795686804620e-04	1.83579598869041e-02	1
20	31	7.97082866195152e-04	1.50890934933315e-02	1
21	31	7.45585715708258e-04	1.47025789913589e-02	1
22	31	6.98424044107296e-04	1.36032028469859e-02	1
23	31	6.27577921525929e-04	1.28863103892172e-02	1
24	31	5.74913586163655e-04	1.12032101632051e-02	1
25	31	5.16953499190960e-04	9.69144487908495e-03	1
26	31	4.52808372724844e-04	9.02087555422606e-03	1
27	31	3.97450733947886e-04	7.75940881943455e-03	1
28	31	3.18311718075834e-04	6.05903931099846e-03	1
29	31	2.44440615329143e-04	4.23132702551475e-03	1
30	31	1.40383758738729e-04	2.38875695256603e-03	1
32	31	1.15850770275957e-04	2.28746214025065e-03	1
33	31	2.21820188541916e-04	4.12621590543000e-03	1
34	31	2.82675624987449e-04	5.85245817309754e-03	1
35	31	3.27871075629552e-04	6.37006546624876e-03	1
36	31	3.71311021669380e-04	6.94418269806476e-03	1
37	31	4.09865748680385e-04	7.62479181216007e-03	1
38	31	4.46591827299215e-04	9.18656742286814e-03	1
39	31	5.11246945114618e-04	9.50345850566696e-03	1
40	31	5.69811965727691e-04	1.15478021141222e-02	1
41	31	6.21829802208411e-04	1.25780858452240e-02	1
42	31	6.89039310147874e-04	1.47200928042283e-02	1
43	31	7.38582729352580e-04	1.49447657142534e-02	1
44	31	8.06856275360040e-04	1.61827400528182e-02	1
45	31	8.55709353313392e-04	1.56846127213579e-02	1
46	31	9.13621592197079e-04	1.65012404506196e-02	1
47	31	9.82178473690136e-04	1.89902697894495e-02	1
48	31	1.03534309255097e-03	1.98073087136602e-02	1
49	31	1.09088547139803e-03	2.25060559393802e-02	1
50	31	1.16142204412302e-03	2.15540251987798e-02	1
51	31	1.21547304090128e-03	2.40007935567290e-02	1
52	31	1.26585995826075e-03	2.55766260687949e-02	1
53	31	1.33091017342689e-03	2.35802164702665e-02	1
54	31	1.38876492816521e-03	2.93596890785564e-02	1
55	31	1.45082778115283e-03	2.85888429999473e-02	1
56	31	1.49069980768501e-03	2.92434755738889e-02	1
57	31	1.52980820173815e-03	3.20700851419053e-02	1
58	31	1.57075156314477e-03	2.95773506861196e-02	1
59	31	1.60706880531742e-03	3.10985624021297e-02	1
60	31	1.64256321671287e-03	3.00697944292064e-02	1
61	31	1.69136471501813e-03	3.33986637109857e-02	1
62	31	1.72266940921094e-03	3.53957557036358e-02	1
63	31	1.75862277954163e-03	3.49621053535395e-02	1
64	31	1.78813981847196e-03	3.32064166160204e-02	1
65	31	1.80303562484848e-03	3.70665812079363e-02	1
66	31	1.82890596310658e-03	3.43717745335346e-02	1
67	31	1.84197495076132e-03	3.74695375373650e-02	1
68	31	1.86298531804173e-03	3.91964959361169e-02	1
69	31	1.89357577788399e-03	3.77232954053220e-02	1
70	31	1.91085896876892e-03	3.84034799287466e-02	1
71	31	1.93038351017364e-03	3.60000418462117e-02	1
72	31	1.95145040642792e-03	3.78892879357343e-02	1
73	31	1.96903032502604e-03	3.52894179088395e-02	1
74	31	1.99495478433607e-03	3.83590782662617e-02	1
75	31	2.00798019963709e-03	3.71432788475690e-02	1
76	31	2.02730267400069e-03	4.17494068324988e-02	1
77	31	2.04669434969109e-03	4.15825538317543e-02	1
78	31	2.06711771189479e-03	4.30655675443220e-02	1
79	31	2.08245343629593e-03	4.52245912473862e-02	1
80	31	2.11069793485044e-03	4.19671213212031e-02	1
81	31	2.12808534193025e-03	4.10281614336892e-02	1
82	31	2.15732641226203e-03	4.20301671842812e-02	1
83	31	2.17904366499993e-03	4.38852168145142e-02	1
84	31	2.20380258054770e-03	4.38354647560547e-02	1
85	31	2.23214417337282e-03	4.36257025310307e-02	1
86	31	2.25800049244717e-03	4.57564043621725e-02	1
87	31	2.27542593055369e-03	4.64289752006678e-02	1
88	31	2.29902246432082e-03	4.41942459057341e-02	1
89	31	2.31744857963619e-03	4.52090084777430e-02	1
90	31	2.35334637359646e-03	4.57909977894216e-02	1
1	36	1.79125370214526e-03	3.61008735669362e-02	1
2	36	1.76377983747874e-03	3.67447898208516e-02	1
3	36	1.72323020127742e-03	3.64008022258849e-02	1
4	36	1.70370369751598e-03	3.07589447313627e-02	1
5	36	1.65907445827588e-03	3.48285695320680e-02	1
6	36	1.64411006386403e-03	3.09071517827435e-02	1
7	36	1.59025321498909e-03	3.02597000119082e-02	1
8	36	1.56441780419692e-03	3.10499810333496e-02	1
9	36	1.51613789741327e-03	3.16854360522837e-02	1
10	36	1.48595924512550e-03	3.28544956008266e-02	1
11	36	1.45562445781544e-03	2.81309342146406e-02	1
12	36	1.40416187285467e-03	2.78861291498851e-02	1
13	36	1.36006101875915e-03	2.90581897021774e-02	1
14	36	1.31066846267814e-03	2.85242109707843e-02	1
15	36	1.25898028240860e-03	2.53379327252641e-02	1
16	36	1.21264951962336e-03	2.48994217697389e-02	1
17	36	1.15021818133816e-03	2.13220682261426e-02	1
18	36	1.09729316363523e-03	2.17163987617300e-02	1
19	36	1.04790636544387e-03	2.04745815080054e-02	1
20	36	9.82071837049206e-04	1.91942460795248e-02	1
21	36	9.33426907167758e-04	1.74999860494133e-02	1
22	36	8.91671695880636e-04	1.78351213073489e-02	1
23	36	8.23277184537563e-04	1.68088697656155e-02	1
24	36	7.72479623147980e-04	1.54246753339040e-02	1
25	36	7.14704826995432e-04	1.49035203789798e-02	1
26	36	6.57594110460951e-04	1.32278039037452e-02	1
27	36	6.05324251884247e-04	1.23310039197143e-02	1
28	36	5.35232716470786e-04	1.10402822336781e-02	1
29	36	4.85167846320068e-04	9.61110171488676e-03	1
30	36	4.34998346382057e-04	8.70773532595250e-03	1
31	36	3.71311021669380e-04	6.97853929557950e-03	1
32	36	3.24660936973890e-04	6.16639282851395e-03	1
33	36	2.74364130169173e-04	5.90167795674295e-03	1
34	36	2.02105074613787e-04	3.31373141509370e-03	1
35	36	1.45570072301882e-04	2.70189160877480e-03	1
37	36	1.14248162036141e-04	2.10878001523151e-03	1
38	36	1.70829719812661e-04	3.42818545115463e-03	1
39	36	2.35484837628064e-04	4.64383940147287e-03	1
40	36	2.94049858241137e-04	5.12833437678944e-03	1
41	36	3.46067694721857e-04	6.83640159930190e-03	1
42	36	4.13277202661320e-04	7.97817073358997e-03	1
43	36	4.62820621866027e-04	8.96829652305026e-03	1
44	36	5.31094167873486e-04	1.04821240502690e-02	1
45	36	5.79947245826839e-04	1.15234265240311e-02	1
46	36	6.37859484710525e-04	1.30778929890120e-02	1
47	36	7.06416366203582e-04	1.40391854727509e-02	1
48	36	7.59580985064416e-04	1.56600239071405e-02	1
49	36	8.15123363911473e-04	1.56484856961768e-02	1
50	36	8.85659936636471e-04	1.76560386868459e-02	1
51	36	9.39710933414724e-04	1.99541038599886e-02	1
52	36	9.90097850774193e-04	2.00956412871609e-02	1
53	36	1.05514806594034e-03	2.14679612947457e-02	1
54	36	1.11300282067865e-03	2.30873621504163e-02	1
55	36	1.17506567366627e-03	2.06842511784430e-02	1
56	36	1.22206652529925e-03	2.39162348314093e-02	1
57	36	1.27649373098634e-03	2.22917192260018e-02	1
58	36	1.32991605257931e-03	2.76965514715769e-02	1
59	36	1.38060786888120e-03	2.96103851760841e-02	1
60	36	1.42598991010784e-03	3.08198076259944e-02	1
61	36	1.48009521828587e-03	2.65813658346964e-02	1
62	36	1.51529425603287e-03	3.16903857771490e-02	1
63	36	1.55549478707073e-03	3.02986446554430e-02	1
64	36	1.58622996446269e-03	3.48726997220947e-02	1
65	36	1.60195723470807e-03	2.89837936604946e-02	1
66	36	1.62798578055553e-03	3.17952789201368e-02	1
67	36	1.64105476821027e-03	3.48791104927080e-02	1
68	36	1.66206513549068e-03	3.22867751630278e-02	1
69	36	1.69265559533294e-03	3.26418466886213e-02	1
70	36	1.71201334389647e-03	3.37529879012726e-02	1
71	36	1.73153788530119e-03	3.45867040646544e-02	1
72	36	1.75260478155547e-03	3.42558915390489e-02	1
73	36	1.77018470015359e-03	3.45144562984023e-02	1
74	36	1.80029829742989e-03	3.70327960202647e-02	1
75	36	1.81332371273091e-03	3.28838348423275e-02	1
76	36	1.83264618709451e-03	3.65916935137921e-02	1
77	36	1.85203786278490e-03	3.65163369379250e-02	1
78	36	1.87246122498860e-03	4.05998454058625e-02	1
79	36	1.88779694938974e-03	3.64356679095412e-02	1
80	36	1.91604144794426e-03	3.59436684659462e-02	1
81	36	1.93412095249538e-03	3.89622895449038e-02	1
82	36	1.96372346056849e-03	3.90438639204871e-02	1
83	36	1.98544071330638e-03	4.11413238141255e-02	1
84	36	2.01019962885415e-03	3.78622137642702e-02	1
85	36	2.03854122167927e-03	3.84292377611208e-02	1
86	36	2.06594028159491e-03	4.36853447254804e-02	1
87	36	2.08502441481835e-03	3.87564988181386e-02	1
88	36	2.10890395449363e-03	4.05208754624335e-02	1
89	36	2.12765623299087e-03	3.90971346964239e-02	1
90	36	2.16355402695113e-03	4.24695931495622e-02	1
1	41	1.93662952359185e-03	3.92268935895154e-02	1
2	41	1.90927691394267e-03	4.10997369373279e-02	1
3	41	1.87045173798796e-03	3.64160875327588e-02	1
4	41	1.85092523422652e-03	3.17577434880387e-02	1
5	41	1.80629599498641e-03	3.53624815786001e-02	1
6	41	1.79365506250983e-03	3.53466051956517e-02	1
7	41	1.74109253122078e-03	3.33593186269089e-02	1
8	41	1.71525712042861e-03	3.59360986068376e-02	1
9	41	1.66781587522222e-03	3.51513371662559e-02	1
10	41	1.63763722293445e-03	3.23712578813904e-02	1
11	41	1.60778167607474e-03	3.29290389872068e-02	1
12	41	1.56308956867888e-03	3.18842647184694e-02	1
13	41	1.53391198470698e-03	2.86515625590945e-02	1
14	41	1.49741656852847e-03	2.79255638162598e-02	1
15	41	1.46453441740724e-03	3.24100718909523e-02	1
16	41	1.43046357293476e-03	2.74233520076682e-02	1
17	41	1.38422166540776e-03	2.53059773783287e-02	1
18	41	1.33761335084737e-03	2.52028048693853e-02	1
19	41	1.29167436198277e-03	2.60253425473803e-02	1
20	41	1.22790148359925e-03	2.60934631567744e-02	1
21	41	1.17925655371780e-03	2.43609059494769e-02	1
22	41	1.13750134243068e-03	2.34361550364870e-02	1
23	41	1.06995226123524e-03	2.08443188048097e-02	1
24	41	1.01921013136918e-03	2.15540525242405e-02	1
25	41	9.64797834077676e-04	1.91764405625422e-02	1
26	41	9.08112890999983e-04	1.64860969520936e-02	1
27	41	8.55843032423278e-04	1.73700981992253e-02	1
28	41	7.85751497009817e-04	1.56942646502968e-02	1
29	41	7.35686626859099e-04	1.38176704926000e-02	1
30	41	6.85517126921089e-04	1.28978796544485e-02	1
31	41	6.21829802208411e-04	1.25900106478159e-02	1
32	41	5.75179717512922e-04	1.04427799131136e-02	1
33	41	5.24882910708204e-04	1.03510117720531e-02	1
34	41	4.56006736946666e-04	9.05290950734300e-03	1
35	41	4.09429921486859e-04	7.75902733270286e-03	1
36	41	3.46067694721857e-04	6.60866219402710e-03	1
37	41	2.95657525736859e-04	5.35241508007361e-03	1
38	41	2.43873260587275e-04	4.41847678515379e-03	1
39	41	1.83633262925859e-04	3.22129843391153e-03	1
40	41	1.22110486159097e-04	2.35608935684828e-03	1
42	41	1.53902429137573e-04	3.16990320039682e-03	1
43	41	2.16396733580048e-04	4.59220777568932e-03	1
44	41	2.85441693868367e-04	5.43068441323721e-03	1
45	41	3.34294771821720e-04	6.40797438984052e-03	1
46	41	3.92207010705406e-04	7.65099911547464e-03	1
47	41	4.60763892198464e-04	8.88477565013343e-03	1
48	41	5.13928511059298e-04	9.95066294351804e-03	1
49	41	5.69470889906354e-04	1.14038301410642e-02	1
50	41	6.40007462631353e-04	1.08434413944982e-02	1
51	41	6.95333095305191e-04	1.35377286162032e-02	1
52	41	7.49929160016222e-04	1.56696242699159e-02	1
53	41	8.17449131726268e-04	1.57097256338866e-02	1
54	41	8.77938558780046e-04	1.86187086493682e-02	1
55	41	9.42210895101151e-04	1.85893096050653e-02	1
56	41	9.90687455973022e-04	1.96363298734056e-02	1
57	41	1.04576511570437e-03	2.11859887634025e-02	1
58	41	1.10053111960209e-03	2.04704835836713e-02	1
59	41	1.15122293590398e-03	2.15510987594601e-02	1
60	41	1.19660497713062e-03	2.34258118749511e-02	1
61	41	1.26099459246880e-03	2.72252332252572e-02	1
62	41	1.30906112464182e-03	2.62811099194629e-02	1
63	41	1.36257179198078e-03	2.72030824045434e-02	1
64	41	1.41028403853125e-03	2.95239135060911e-02	1
65	41	1.44069489719047e-03	2.74707862715654e-02	1
66	41	1.48381587922984e-03	2.93196804621708e-02	1
67	41	1.51276686151975e-03	2.87015355408219e-02	1
68	41	1.54057854576150e-03	3.08034018720056e-02	1
69	41	1.57866625638750e-03	3.09218387852642e-02	1
70	41	1.59802400495103e-03	3.14590142918451e-02	1
71	41	1.61754854635575e-03	3.53092610908381e-02	1
72	41	1.63861544261003e-03	3.30243146066814e-02	1
73	41	1.65619536120815e-03	3.22201926928122e-02	1
74	41	1.68995766861380e-03	3.24887897745837e-02	1
75	41	1.70464230983837e-03	3.29353315095257e-02	1
76	41	1.72485676101819e-03	3.74285200588864e-02	1
77	41	1.74424843670858e-03	3.31111474118406e-02	1
78	41	1.76467179891228e-03	3.27948231162431e-02	1
79	41	1.78000752331342e-03	3.62218314394691e-02	1
80	41	1.80825202186794e-03	3.57825753769966e-02	1
81	41	1.82633152641906e-03	3.58030467794573e-02	1
82	41	1.85636715497190e-03	3.79207473203764e-02	1
83	41	1.87820156762337e-03	3.81314325925443e-02	1
84	41	1.90348041493220e-03	3.90138085686223e-02	1
85	41	1.93182200775732e-03	3.65060366228351e-02	1
86	41	1.95935833963448e-03	3.61280957261615e-02	1
87	41	1.97904512925585e-03	3.45299028024402e-02	1
88	41	2.00397344945043e-03	3.94025757065105e-02	1
89	41	2.02438393197984e-03	3.72180332050833e-02	1
90	41	2.06132996608242e-03	4.05313988937370e-02	1
1	46	2.15149115149745e-03	4.46503775729848e-02	1
2	46	2.12442253776339e-03	3.82022011017657e-02	1
3	46	2.08771143446539e-03	4.23924148675511e-02	1
4	46	2.06818493070396e-03	4.15212481495516e-02	1
5	46	2.02355569146385e-03	4.31711689089309e-02	1
6	46	2.01091475898727e-03	3.84610373327891e-02	1
7	46	1.95852627203094e-03	3.76641745903262e-02	1
8	46	1.93269086123877e-03	3.76997183206437e-02	1
9	46	1.88719200631883e-03	3.50323127981851e-02	1
10	46	1.85701335403107e-03	3.76425499748348e-02	1
11	46	1.82715780717136e-03	3.39447397964420e-02	1
12	46	1.78277709637116e-03	3.52158138899539e-02	1
13	46	1.75532205787316e-03	3.37443847497010e-02	1
14	46	1.71882664169465e-03	3.67684513020435e-02	1
15	46	1.68594449057342e-03	3.58998690431538e-02	1
16	46	1.65187364610094e-03	3.21780733790480e-02	1
17	46	1.60563173857394e-03	3.27670462607555e-02	1
18	46	1.57349896954872e-03	3.18304623747405e-02	1
19	46	1.54496024014844e-03	3.41129714024894e-02	1
20	46	1.49905251531635e-03	2.92819320971520e-02	1
21	46	1.46917072671676e-03	3.01330761789558e-02	1
22	46	1.42929313241935e-03	2.78246442707048e-02	1
23	46	1.36174405122391e-03	2.84245024838487e-02	1
24	46	1.31100192135785e-03	2.55096413315850e-02	1
25	46	1.25658962406634e-03	2.43864301034420e-02	1
26	46	1.19990468098865e-03	2.44509221380380e-02	1
27	46	1.14763482241194e-03	2.33449692471960e-02	1
28	46	1.07754328699848e-03	2.10178359037444e-02	1
29	46	1.02747841684777e-03	2.11746225918641e-02	1
30	46	9.77308916909755e-04	1.92650222337562e-02	1
31	46	9.13621592197078e-04	2.02398566936007e-02	1
32	46	8.66971507501589e-04	1.68694350353788e-02	1
33	46	8.16674700696871e-04	1.63534457667467e-02	1
34	46	7.47798526935332e-04	1.62440225034504e-02	1
35	46	7.01221711475526e-04	1.39136433846872e-02	1
36	46	6.37859484710524e-04	1.20008179477513e-02	1
37	46	5.87449315725527e-04	1.06025443023801e-02	1
38	46	5.35665050575943e-04	1.01428506982457e-02	1
39	46	4.75425052914526e-04	9.52986201730360e-03	1
40	46	4.35986070019659e-04	7.98305815638522e-03	1
41	46	3.92207010705406e-04	7.75897170144005e-03	1
42	46	3.32946758760719e-04	6.50798445741124e-03	1
43	46	2.96419987851024e-04	5.77958823195475e-03	1
44	46	2.28395510114161e-04	4.10176587636427e-03	1
45	46	1.24625997415656e-04	2.50423530723652e-03	1
47	46	1.52528104901097e-04	2.78602885083952e-03	1
48	46	2.64857942385493e-04	5.31611888438775e-03	1
49	46	3.28738420114989e-04	6.75590422759139e-03	1
50	46	4.06362112697070e-04	8.11871306147749e-03	1
51	46	4.66023088603258e-04	1.01492645634858e-02	1
52	46	5.24845981265067e-04	1.06956056665325e-02	1
53	46	5.93012428792467e-04	1.25480826653085e-02	1
54	46	6.56976308797936e-04	1.28247317166932e-02	1
55	46	7.22982914896815e-04	1.54093850633668e-02	1
56	46	7.73780785602667e-04	1.55385153798737e-02	1
57	46	8.35210311372543e-04	1.58593207825658e-02	1
58	46	8.96214933978094e-04	1.66520194370106e-02	1
59	46	9.50407228616482e-04	1.84419467689344e-02	1
60	46	9.98561543517237e-04	1.91771631824191e-02	1
61	46	1.06976839331200e-03	2.06731657627872e-02	1
62	46	1.12040286795908e-03	2.27723845383534e-02	1
63	46	1.17890250009488e-03	2.43245067747765e-02	1
64	46	1.22995339200127e-03	2.50294465768321e-02	1
65	46	1.26078438576823e-03	2.50494758868593e-02	1
66	46	1.30570350259786e-03	2.67095810336232e-02	1
67	46	1.34721941892495e-03	2.78304856882422e-02	1
68	46	1.37698734144245e-03	2.72638321956105e-02	1
69	46	1.42546190350871e-03	2.67785142508654e-02	1
70	46	1.46181083630836e-03	2.76375310173785e-02	1
71	46	1.50380055762603e-03	2.87050652033216e-02	1
72	46	1.53673393016351e-03	2.84030250307659e-02	1
73	46	1.56497839851858e-03	3.15866185703749e-02	1
74	46	1.61338027862080e-03	2.98926238545216e-02	1
75	46	1.63856114585074e-03	3.42442487379594e-02	1
76	46	1.67005198555180e-03	3.12397792327758e-02	1
77	46	1.70532107558593e-03	3.62258660341175e-02	1
78	46	1.74037197158499e-03	3.51558471853877e-02	1
79	46	1.75874433553909e-03	3.62233822572311e-02	1
80	46	1.78698883409361e-03	3.53835967161060e-02	1
81	46	1.80506833864473e-03	3.42958005540914e-02	1
82	46	1.83510396719757e-03	3.44436032700339e-02	1
83	46	1.85693837984904e-03	3.76791934107904e-02	1
84	46	1.88357684111968e-03	3.44655141534027e-02	1
85	46	1.91383437381132e-03	4.03476350159673e-02	1
86	46	1.94167687912134e-03	3.79419266156772e-02	1
87	46	1.96136366874272e-03	3.64995835957983e-02	1
88	46	1.98657248734266e-03	4.15258310425511e-02	1
89	46	2.00854802377643e-03	4.00546451957144e-02	1
90	46	2.04561347325134e-03	3.69519453481695e-02	1
1	51	2.36099734228508e-03	4.91116707710097e-02	1
2	51	2.33392872855102e-03	4.89767456591825e-02	1
3	51	2.30012410258797e-03	4.68306256663893e-02	1
4	51	2.28275692653660e-03	4.63368439896301e-02	1
5	51	2.23812768729649e-03	4.29918044542392e-02	1
6	51	2.22574100725450e-03	4.25097101912284e-02	1
7	51	2.17439623405166e-03	4.65992840043769e-02	1
8	51	2.14856082325949e-03	4.23594035257871e-02	1
9	51	2.10523012127495e-03	3.88422437267746e-02	1
10	51	2.07510956010454e-03	3.83760709692288e-02	1
11	51	2.04525401324482e-03	4.14029377358356e-02	1
12	51	2.00090007700977e-03	3.86477648961102e-02	1
13	51	1.97392834374313e-03	3.87424328928832e-02	1
14	51	1.93746374437232e-03	3.82901828364464e-02	1
15	51	1.90458159325109e-03	3.79014270713744e-02	1
16	51	1.87100043450058e-03	3.54256027302070e-02	1
17	51	1.82475852697358e-03	3.40046879453956e-02	1
18	51	1.79262575794836e-03	3.59138354908213e-02	1
19	51	1.76408702854809e-03	3.39069167122792e-02	1
20	51	1.72115525626458e-03	3.52302723185895e-02	1
21	51	1.69254580825196e-03	3.56250658652389e-02	1
22	51	1.66593742360218e-03	3.27583528204782e-02	1
23	51	1.62018818972746e-03	3.07637336914831e-02	1
24	51	1.57855468037088e-03	2.91975290373964e-02	1
25	51	1.53821990118917e-03	3.03705890027670e-02	1
26	51	1.49755829094339e-03	2.65235146836113e-02	1
27	51	1.44948627111614e-03	2.77005075629407e-02	1
28	51	1.37939473570268e-03	2.55380423416599e-02	1
29	51	1.32932986555196e-03	2.53899561641894e-02	1
30	51	1.27916036561395e-03	2.51303478950254e-02	1
31	51	1.21547304090128e-03	2.38417877620382e-02	1
32	51	1.16882295620579e-03	2.31898289980297e-02	1
33	51	1.11852614940107e-03	2.13409238014998e-02	1
34	51	1.04964997563953e-03	2.29849178983982e-02	1
35	51	1.00307316017973e-03	2.00128083729510e-02	1
36	51	9.39710933414723e-04	1.89127426147851e-02	1
37	51	8.89300764429725e-04	1.71737353288171e-02	1
38	51	8.37812742758294e-04	1.67941198349793e-02	1
39	51	7.78551137514310e-04	1.52927058659625e-02	1
40	51	7.39112154619443e-04	1.49257596869121e-02	1
41	51	6.95333095305190e-04	1.44075624352587e-02	1
42	51	6.36072843360503e-04	1.26760514844491e-02	1
43	51	6.02290760793721e-04	1.15302879594403e-02	1
44	51	5.52079190981221e-04	1.05234447108756e-02	1
45	51	5.08780230283179e-04	1.06341136498512e-02	1
46	51	4.66023088603258e-04	9.01079379508904e-03	1
47	51	3.98480051559522e-04	8.67708303937423e-03	1
48	51	3.42439546153503e-04	6.68529959683482e-03	1
49	51	2.62397447208429e-04	4.91802256008850e-03	1
50	51	1.21667039826783e-04	2.48532427588591e-03	1
52	51	1.19665289040077e-04	2.41001318027114e-03	1
53	51	2.58849659387900e-04	4.58004611473625e-03	1
54	51	3.70599459160753e-04	6.88838552186248e-03	1
55	51	4.79143840502203e-04	9.58260890366737e-03	1
56	51	5.32918615383679e-04	1.04609142081154e-02	1
57	51	6.06684069132837e-04	1.19059556735818e-02	1
58	51	6.75382944909637e-04	1.27864459524475e-02	1
59	51	7.34108991792775e-04	1.34700625423288e-02	1
60	51	7.83766314188256e-04	1.62498277989028e-02	1
61	51	8.59371563517635e-04	1.70139938345793e-02	1
62	51	9.12661961802982e-04	1.80276192595797e-02	1
63	51	9.75308402593732e-04	1.92511182494308e-02	1
64	51	1.02903826520709e-03	2.15895326162105e-02	1
65	51	1.06370244520110e-03	1.95888220561656e-02	1
66	51	1.11840483689723e-03	2.15914177783773e-02	1
67	51	1.16531395202073e-03	2.39485978126005e-02	1
68	51	1.19553259068473e-03	2.49970701346076e-02	1
69	51	1.24541697793912e-03	2.46605927747622e-02	1
70	51	1.28453350760295e-03	2.56838729884966e-02	1
71	51	1.33380573920339e-03	2.75974925875056e-02	1
72	51	1.37189443149603e-03	2.95374570629348e-02	1
73	51	1.40462084336520e-03	2.59802308432883e-02	1
74	51	1.45327291991372e-03	2.73835615449431e-02	1
75	51	1.48615792562955e-03	3.03266716267331e-02	1
76	51	1.52294808486101e-03	3.08232521660540e-02	1
77	51	1.56470635632021e-03	3.16633317237721e-02	1
78	51	1.60251526335866e-03	3.05792478206620e-02	1
79	51	1.63082900927344e-03	3.38795027124962e-02	1
80	51	1.67616231706738e-03	3.39119834249541e-02	1
81	51	1.70910512044011e-03	3.36009934066714e-02	1
82	51	1.74815732238699e-03	3.50033979538900e-02	1
83	51	1.78839597940181e-03	3.64201649723485e-02	1
84	51	1.82709080509591e-03	3.61763418734361e-02	1
85	51	1.87549922114776e-03	3.68724613788017e-02	1
86	51	1.91767391660037e-03	3.82593181594721e-02	1
87	51	1.94756602041179e-03	3.78588265727805e-02	1
88	51	1.97384240330722e-03	4.09207195188237e-02	1
89	51	1.99854000059779e-03	4.11714350946984e-02	1
90	51	2.03605260416522e-03	3.69464109045937e-02	1
1	56	2.55146780679695e-03	4.80251279094647e-02	1
2	56	2.52439919306288e-03	5.31681313887450e-02	1
3	56	2.49059456709983e-03	5.11510976235964e-02	1
4	56	2.47396985578698e-03	4.68139504995529e-02	1
5	56	2.42934061654687e-03	4.98331121536599e-02	1
6	56	2.41695393650489e-03	4.90003511197459e-02	1
7	56	2.36609101557726e-03	4.97814187410714e-02	1
8	56	2.34025560478509e-03	4.65661080854151e-02	1
9	56	2.29692490280055e-03	4.54409005682666e-02	1
10	56	2.26680434163013e-03	4.84972006433833e-02	1
11	56	2.23694879477042e-03	4.51648810762690e-02	1
12	56	2.19333725963075e-03	4.67095588535795e-02	1
13	56	2.16636552636411e-03	4.29032255542592e-02	1
14	56	2.13016085520999e-03	3.97463182505660e-02	1
15	56	2.09727870408876e-03	4.20968074396288e-02	1
16	56	2.06385352846689e-03	4.26161028914839e-02	1
17	56	2.01761162093989e-03	4.06100032824038e-02	1
18	56	1.98547885191467e-03	3.59109736949626e-02	1
19	56	1.95694012251440e-03	3.88425711504676e-02	1
20	56	1.91400835023089e-03	3.69072439677003e-02	1
21	56	1.88539890221827e-03	3.19861793657502e-02	1
22	56	1.85879051756849e-03	3.95138494258068e-02	1
23	56	1.81470699535369e-03	3.90220604725193e-02	1
24	56	1.77487910798062e-03	3.17372882251932e-02	1
25	56	1.73454432879892e-03	3.38200238322975e-02	1
26	56	1.69388271855313e-03	3.33540587708223e-02	1
27	56	1.65861242229614e-03	3.26947509679614e-02	1
28	56	1.60697808842357e-03	3.00594388024905e-02	1
29	56	1.57198377046187e-03	2.85038535701951e-02	1
30	56	1.53836886313512e-03	3.25557518907566e-02	1
31	56	1.49069980768501e-03	2.87341418475295e-02	1
32	56	1.45117854809031e-03	2.95335442411596e-02	1
33	56	1.40088174128560e-03	2.63744786358993e-02	1
34	56	1.33200556752406e-03	3.05060850988661e-02	1
35	56	1.28542875206425e-03	2.46405604592399e-02	1
36	56	1.22206652529925e-03	2.45407861359523e-02	1
37	56	1.17165635631425e-03	2.44284810423462e-02	1
38	56	1.12016833464282e-03	2.36555770940370e-02	1
39	56	1.06282668381865e-03	1.98762205364203e-02	1
40	56	1.02980684888713e-03	1.99321244755747e-02	1
41	56	9.90687455973022e-04	2.05379691388357e-02	1
42	56	9.35184787484485e-04	1.79065073105704e-02	1
43	56	9.03981545664955e-04	1.95973757852363e-02	1
44	56	8.55610060029853e-04	1.63194343418290e-02	1
45	56	8.12311099331811e-04	1.66709749452983e-02	1
46	56	7.73780785602667e-04	1.66530237071615e-02	1
47	56	7.16726230227726e-04	1.44514406787057e-02	1
48	56	6.75328999159592e-04	1.34138719714749e-02	1
49	56	6.33012561646935e-04	1.23847289883550e-02	1
50	56	5.85666870498120e-04	1.25560187540747e-02	1
51	56	5.32918615383679e-04	1.06940203327539e-02	1
52	56	4.77578973510664e-04	9.58464380559264e-03	1
53	56	3.66072503664908e-04	7.11091362494581e-03	1
54	56	2.55554573468483e-04	4.73150981634267e-03	1
55	56	1.17443974344850e-04	2.04212509287273e-03	1
57	56	1.18095752880996e-04	2.11211094216796e-03	1
58	56	2.49716951315919e-04	4.71052999263010e-03	1
59	56	3.57663417444289e-04	6.94398336098023e-03	1
60	56	4.63154372608271e-04	9.86721368757820e-03	1
61	56	5.99532584988317e-04	1.17668643998970e-02	1
62	56	6.79664247453275e-04	1.34414918593214e-02	1
63	56	7.58316351068334e-04	1.43628757026725e-02	1
64	56	8.18355210693042e-04	1.52644118313769e-02	1
65	56	8.65979974261372e-04	1.77174290531184e-02	1
66	56	9.23701925717775e-04	1.82254734228754e-02	1
67	56	9.71756458885933e-04	1.92905251050494e-02	1
68	56	1.00398465721607e-03	1.93891109601123e-02	1
69	56	1.05504216517923e-03	1.99044478280658e-02	1
70	56	1.09551402024822e-03	2.16593664186404e-02	1
71	56	1.15207945842152e-03	2.37598827109800e-02	1
72	56	1.19221918641809e-03	2.41852011266111e-02	1
73	56	1.22703642875245e-03	2.59210073762150e-02	1
74	56	1.27957144470026e-03	2.70112549476591e-02	1
75	56	1.31610525231650e-03	2.61654020726398e-02	1
76	56	1.35810174260332e-03	2.83810881998953e-02	1
77	56	1.40697087867610e-03	2.77923005055614e-02	1
78	56	1.44610433100087e-03	2.86700364899946e-02	1
79	56	1.48242438396686e-03	3.27741774459622e-02	1
80	56	1.53091157618893e-03	2.87552794159123e-02	1
81	56	1.56875652226191e-03	3.12103146407333e-02	1
82	56	1.61392030499540e-03	3.11374681318134e-02	1
83	56	1.65597881610234e-03	3.68609037347801e-02	1
84	56	1.69862343036983e-03	3.40089206825004e-02	1
85	56	1.75096435784148e-03	3.60639856892259e-02	1
86	56	1.79597506946583e-03	3.38608744510986e-02	1
87	56	1.83477804019505e-03	3.70192768108110e-02	1
88	56	1.88471590341100e-03	3.86980164186341e-02	1
89	56	1.91713998570173e-03	3.86434214028466e-02	1
90	56	1.96416810641232e-03	3.73720230753023e-02	1
1	61	2.73148686507332e-03	4.95503131709767e-02	1
2	61	2.70463187704557e-03	5.50064769938964e-02	1
3	61	2.67141241033747e-03	5.22904532861169e-02	1
4	61	2.65679599755835e-03	5.27479255253027e-02	1
5	61	2.61216675831824e-03	5.15156160926242e-02	1
6	61	2.60072729710528e-03	5.65135006353507e-02	1
7	61	2.55125561178625e-03	4.96764430423700e-02	1
8	61	2.52588689987514e-03	5.29858674368367e-02	1
9	61	2.48255619789060e-03	5.14859974005539e-02	1
10	61	2.45437656030120e-03	5.37492579468125e-02	1
11	61	2.42553982682315e-03	4.41461667158157e-02	1
12	61	2.38203827590381e-03	4.61410213326438e-02	1
13	61	2.35506654263717e-03	4.79749774600805e-02	1
14	61	2.31961153548589e-03	4.48679644414058e-02	1
15	61	2.28677944298105e-03	4.41686143565449e-02	1
16	61	2.25415214349235e-03	4.77902257116737e-02	1
17	61	2.20791023596535e-03	4.19163204558226e-02	1
18	61	2.17577746694013e-03	4.50953211373310e-02	1
19	61	2.14723873753985e-03	4.18102803010622e-02	1
20	61	2.10430696525635e-03	4.04155979484420e-02	1
21	61	2.07641149007946e-03	4.28791890130028e-02	1
22	61	2.05043226766460e-03	4.07253010605949e-02	1
23	61	2.00634874544980e-03	4.04817803803647e-02	1
24	61	1.97211467197897e-03	3.84696076324827e-02	1
25	61	1.93520923613203e-03	3.90759679070648e-02	1
26	61	1.89454762588625e-03	3.43910923297662e-02	1
27	61	1.85927732962926e-03	3.73025400118360e-02	1
28	61	1.80764299575669e-03	3.39533710671917e-02	1
29	61	1.77264867779498e-03	3.35307342376463e-02	1
30	61	1.73903377046824e-03	3.72317707493386e-02	1
31	61	1.69136471501813e-03	3.39520608574059e-02	1
32	61	1.66258413299559e-03	3.33958262898034e-02	1
33	61	1.62425702765224e-03	3.01224697599298e-02	1
34	61	1.57231383017444e-03	3.35223660887348e-02	1
35	61	1.53678938501256e-03	3.14158433251921e-02	1
36	61	1.48009521828587e-03	2.88849666777608e-02	1
37	61	1.43710823721656e-03	2.73764360172390e-02	1
38	61	1.38607413297455e-03	2.62070299524524e-02	1
39	61	1.33204791658508e-03	2.70019845406107e-02	1
40	61	1.29946353133865e-03	2.55280423827993e-02	1
41	61	1.26099459246880e-03	2.48784060775266e-02	1
42	61	1.21536338705654e-03	2.33010450013975e-02	1
43	61	1.19036297802095e-03	2.38429525636848e-02	1
44	61	1.14516673055911e-03	2.24066448925730e-02	1
45	61	1.10691996542358e-03	2.01046361226489e-02	1
46	61	1.06976839331200e-03	2.08647570319508e-02	1
47	61	1.02043231533549e-03	1.92536068512957e-02	1
48	61	9.82030987390186e-04	2.01328003770004e-02	1
49	61	9.41808330594698e-04	1.84409028176660e-02	1
50	61	8.98919830000577e-04	1.77190347040150e-02	1
51	61	8.59371563517634e-04	1.61988717557959e-02	1
52	61	8.19339902202774e-04	1.52145095779574e-02	1
53	61	7.76038201617045e-04	1.45229189811917e-02	1
54	61	7.39069025565058e-04	1.51116030305822e-02	1
55	61	6.78634872158459e-04	1.38766196101207e-02	1
56	61	5.99532584988317e-04	1.25276120748423e-02	1
57	61	4.91436832107321e-04	9.67379710060983e-03	1
58	61	3.59815633672398e-04	6.36617552230375e-03	1
59	61	2.51869167544028e-04	4.78205560184046e-03	1
60	61	1.46378212380046e-04	2.79295039832891e-03	1
62	61	1.13151161069965e-04	2.37892443195008e-03	1
63	61	2.46185231961825e-04	4.69636998566510e-03	1
64	61	3.49631777026219e-04	6.48423302508489e-03	1
65	61	4.52252569981182e-04	8.95077121701361e-03	1
66	61	5.83839647494171e-04	1.24877378961457e-02	1
67	61	6.86923471778217e-04	1.44666721543606e-02	1
68	61	7.91838038389895e-04	1.55959131617835e-02	1
69	61	8.51810499380562e-04	1.54109162480354e-02	1
70	61	9.01703009459856e-04	1.68582966481406e-02	1
71	61	9.66340072384355e-04	1.91872395892782e-02	1
72	61	1.00822852848057e-03	2.03919490844728e-02	1
73	61	1.04381365626840e-03	1.98028666858488e-02	1
74	61	1.10079683566989e-03	2.23876546132102e-02	1
75	61	1.14061101016117e-03	2.29821374245547e-02	1
76	61	1.18260750044799e-03	2.62319154877930e-02	1
77	61	1.23589984373031e-03	2.28687831097694e-02	1
78	61	1.27919263454108e-03	2.48625784875618e-02	1
79	61	1.31634574997586e-03	2.61677103631237e-02	1
80	61	1.36808147560698e-03	3.01048498907171e-02	1
81	61	1.41339373772426e-03	2.70609087505921e-02	1
82	61	1.46038494132407e-03	3.30665222677079e-02	1
83	61	1.50361281134851e-03	3.07265254958949e-02	1
84	61	1.55209244055660e-03	2.79968004242376e-02	1
85	61	1.60722538928425e-03	3.27905768121308e-02	1
86	61	1.65744834190011e-03	3.30154284645546e-02	1
87	61	1.70099219607027e-03	3.45315642756975e-02	1
88	61	1.75390023879725e-03	3.67527645929788e-02	1
89	61	1.78861966502558e-03	3.66959738921725e-02	1
90	61	1.84128305141298e-03	3.64981851434925e-02	1
1	66	2.85239983718282e-03	5.75131481090857e-02	1
2	66	2.82612897818994e-03	5.48818110665179e-02	1
3	66	2.79422197163365e-03	5.23343361660499e-02	1
4	66	2.78186586959271e-03	5.38106932356313e-02	1
5	66	2.73723663035260e-03	5.41772220399369e-02	1
6	66	2.72726133723162e-03	5.33327699177281e-02	1
7	66	2.68076950162849e-03	5.50067692627389e-02	1
8	66	2.65837847450405e-03	5.77499697138991e-02	1
9	66	2.61504777251951e-03	4.85204679180240e-02	1
10	66	2.58846721836956e-03	4.88150249601192e-02	1
11	66	2.55987463299714e-03	5.28154125809467e-02	1
12	66	2.51637308207779e-03	4.67206662689916e-02	1
13	66	2.48940134881115e-03	5.16363455841964e-02	1
14	66	2.45394634165987e-03	4.98868740000185e-02	1
15	66	2.42212598832370e-03	4.72283613804473e-02	1
16	66	2.39001219254460e-03	5.04733982232090e-02	1
17	66	2.34377028501760e-03	4.11582368085148e-02	1
18	66	2.31217493872203e-03	4.74706082583932e-02	1
19	66	2.28363620932176e-03	4.61477990661866e-02	1
20	66	2.24070443703825e-03	4.17882186655909e-02	1
21	66	2.21280896186136e-03	4.44193489256022e-02	1
22	66	2.18682973944651e-03	4.21462688970759e-02	1
23	66	2.14274621723170e-03	4.69318657092358e-02	1
24	66	2.10851214376087e-03	4.64229870656241e-02	1
25	66	2.07169937673584e-03	4.05104315168916e-02	1
26	66	2.03103776649006e-03	3.77512996938674e-02	1
27	66	1.99681857771771e-03	3.87344232505907e-02	1
28	66	1.94518424384514e-03	3.62952610658665e-02	1
29	66	1.91018992588344e-03	4.03657564481675e-02	1
30	66	1.87657501855669e-03	3.73471664364321e-02	1
31	66	1.82890596310658e-03	3.57491688898259e-02	1
32	66	1.80012538108405e-03	3.35857483147663e-02	1
33	66	1.76371482944345e-03	3.46152727452574e-02	1
34	66	1.71177163196565e-03	3.57721711190224e-02	1
35	66	1.68283660731601e-03	3.47862242965071e-02	1
36	66	1.62798578055553e-03	3.08404305147977e-02	1
37	66	1.58504903520550e-03	2.90897128660548e-02	1
38	66	1.54548014664033e-03	3.16379861651443e-02	1
39	66	1.51906044796748e-03	2.91752362671827e-02	1
40	66	1.51591857332034e-03	3.06047899233875e-02	1
41	66	1.48381587922984e-03	3.25138922202724e-02	1
42	66	1.43969655165786e-03	2.98856997847585e-02	1
43	66	1.41746816601098e-03	2.67936730953734e-02	1
44	66	1.37483034079731e-03	2.75102832367675e-02	1
45	66	1.33735766795584e-03	2.56289155270979e-02	1
46	66	1.30570350259786e-03	2.64182359274208e-02	1
47	66	1.26099596375800e-03	2.52471225907632e-02	1
48	66	1.22863465340235e-03	2.35714590355403e-02	1
49	66	1.19141596711920e-03	2.32377077345437e-02	1
50	66	1.15155023329548e-03	2.34235320659931e-02	1
51	66	1.11840483689723e-03	2.22500699787257e-02	1
52	66	1.08176508060450e-03	2.11904759441786e-02	1
53	66	1.03846338001877e-03	2.10977074131047e-02	1
54	66	1.00410411647664e-03	2.02919418771527e-02	1
55	66	9.57886308445557e-04	1.81970453992855e-02	1
56	66	9.23701925717775e-04	1.91058121971404e-02	1
57	66	8.95253526592257e-04	1.67975166028794e-02	1
58	66	8.31959906030676e-04	1.71356122485958e-02	1
59	66	7.87763752717707e-04	1.45179388982113e-02	1
60	66	7.20217859874216e-04	1.49493488798162e-02	1
61	66	5.83839647494171e-04	1.14386134553430e-02	1
62	66	4.80688486424206e-04	8.85321832114809e-03	1
63	66	3.47654415532346e-04	6.77744453073714e-03	1
64	66	2.44207870467951e-04	4.98866494829959e-03	1
65	66	1.41587077512988e-04	2.61372201474798e-03	1
67	66	1.13083824284046e-04	1.90884961769365e-03	1
68	66	2.17998390895724e-04	4.60489599960258e-03	1
69	66	3.47022520693932e-04	6.40510696677718e-03	1
70	66	4.49027761542036e-04	9.07307204066925e-03	1
71	66	5.77203838389038e-04	1.21886956332120e-02	1
72	66	6.78622481894058e-04	1.32418017876557e-02	1
73	66	7.61989444010856e-04	1.57973567835289e-02	1
74	66	8.39309639916593e-04	1.55254867188572e-02	1
75	66	8.88693354282844e-04	1.74040401047157e-02	1
76	66	9.38931872220485e-04	2.09310502275842e-02	1
77	66	9.94197482079863e-04	1.94935051153639e-02	1
78	66	1.03777312910311e-03	2.02603247248918e-02	1
79	66	1.07891591247788e-03	2.15804100698863e-02	1
80	66	1.13761361962100e-03	2.18334285230384e-02	1
81	66	1.18664402704258e-03	2.27772862603390e-02	1
82	66	1.23985984627423e-03	2.57780305474983e-02	1
83	66	1.28672112205505e-03	2.63999523807449e-02	1
84	66	1.33767058542291e-03	2.55649881055461e-02	1
85	66	1.39448534425306e-03	3.05515000631050e-02	1
86	66	1.45065867396586e-03	2.98502569195671e-02	1
87	66	1.49492869790589e-03	2.95272990824208e-02	1
88	66	1.55398787003144e-03	3.03340435080625e-02	1
89	66	1.59102886553230e-03	3.23054263518732e-02	1
90	66	1.64900884755241e-03	3.07496162427717e-02	1
1	71	2.91959257710402e-03	5.81323312210492e-02	1
2	71	2.89408243035014e-03	6.02763929667310e-02	1
3	71	2.86736731359445e-03	6.10212482088952e-02	1
4	71	2.85773345836840e-03	5.58159755311097e-02	1
5	71	2.81550611498923e-03	5.68282086252894e-02	1
6	71	2.80697912338495e-03	6.07766394386157e-02	1
7	71	2.76224692706613e-03	5.51224052555899e-02	1
8	71	2.74460697218163e-03	5.47369706932366e-02	1
9	71	2.70219144760667e-03	5.49373310566029e-02	1
10	71	2.67688571653066e-03	5.07922648113428e-02	1
11	71	2.64961151898464e-03	5.27873941194536e-02	1
12	71	2.61050492531443e-03	5.96952608218502e-02	1
13	71	2.58353319204779e-03	5.16530172742128e-02	1
14	71	2.54807818489651e-03	5.43809420483821e-02	1
15	71	2.51625783156034e-03	4.60800718982513e-02	1
16	71	2.48544558391773e-03	4.37360440513043e-02	1
17	71	2.43938098920774e-03	5.13195924031971e-02	1
18	71	2.40972306205466e-03	4.65644435399376e-02	1
19	71	2.38118433265439e-03	4.81719329001182e-02	1
20	71	2.33825256037088e-03	4.33899819653937e-02	1
21	71	2.31035708519399e-03	4.83531380420917e-02	1
22	71	2.28467549201126e-03	5.02101918130345e-02	1
23	71	2.24067432542116e-03	4.85670081609442e-02	1
24	71	2.20682825378917e-03	4.06295148848225e-02	1
25	71	2.17218726309130e-03	4.52261662146961e-02	1
26	71	2.13251531355712e-03	4.44907304093582e-02	1
27	71	2.09829612478477e-03	4.19229254718263e-02	1
28	71	2.04666179091220e-03	3.89105107808269e-02	1
29	71	2.01166747295050e-03	4.12872674575360e-02	1
30	71	1.97805256562375e-03	3.71845470742366e-02	1
31	71	1.93038351017364e-03	3.61268517283356e-02	1
32	71	1.90160292815111e-03	4.41093759811940e-02	1
33	71	1.86534228102086e-03	3.64162425024690e-02	1
34	71	1.81339908354305e-03	3.79928349474471e-02	1
35	71	1.78446405889341e-03	3.29879160032286e-02	1
36	71	1.73153788530119e-03	3.37452577140238e-02	1
37	71	1.68860113995116e-03	3.12441077175991e-02	1
38	71	1.64903225138599e-03	3.21132808627615e-02	1
39	71	1.62261255271313e-03	2.96091756631894e-02	1
40	71	1.62093030479264e-03	3.42066082693794e-02	1
41	71	1.61754854635575e-03	3.19875472540507e-02	1
42	71	1.60630137372362e-03	3.33054946214383e-02	1
43	71	1.59808063431865e-03	3.15300511667135e-02	1
44	71	1.56264872191168e-03	3.17488637365527e-02	1
45	71	1.53545472298401e-03	3.00201806217165e-02	1
46	71	1.50380055762603e-03	2.85066382297431e-02	1
47	71	1.46351312245139e-03	2.85093758725258e-02	1
48	71	1.43333406959963e-03	2.81105756466628e-02	1
49	71	1.40296139245724e-03	3.13039072786155e-02	1
50	71	1.36695113560163e-03	2.79702458909585e-02	1
51	71	1.33380573920339e-03	2.65226898864647e-02	1
52	71	1.29844776093308e-03	2.62085628688930e-02	1
53	71	1.26164252974898e-03	2.51163469420442e-02	1
54	71	1.22993073681969e-03	2.70447675355059e-02	1
55	71	1.18541702922837e-03	2.43766822421843e-02	1
56	71	1.15207945842152e-03	2.41880009820873e-02	1
57	71	1.12363105929601e-03	2.17886488294826e-02	1
58	71	1.07853033224289e-03	2.23990984666782e-02	1
59	71	1.04310681623133e-03	2.19334155752539e-02	1
60	71	1.00112546489025e-03	2.11562284170170e-02	1
61	71	9.66340072384354e-04	1.91597573840473e-02	1
62	71	9.10840448674968e-04	1.86212548897799e-02	1
63	71	8.50068819347285e-04	1.58229248364428e-02	1
64	71	7.86797796938702e-04	1.59123789159289e-02	1
65	71	7.08790915902026e-04	1.37720482796982e-02	1
66	71	5.77203838389038e-04	1.16789345047861e-02	1
67	71	4.74120014104992e-04	9.50544087482808e-03	1
68	71	3.69205447493314e-04	7.09463826042197e-03	1
69	71	2.40181317695106e-04	4.45162912416340e-03	1
70	71	1.38176076847003e-04	2.72576309591667e-03	1
72	71	1.11418643505020e-04	2.11361977757815e-03	1
73	71	2.12500034807882e-04	3.78486192224449e-03	1
74	71	3.40281998147827e-04	6.97320460327836e-03	1
75	71	4.40575970252803e-04	9.13392704638962e-03	1
76	71	5.42069022366428e-04	1.05952197437789e-02	1
77	71	6.68344855277172e-04	1.38980457353209e-02	1
78	71	7.63311100762962e-04	1.57188609231222e-02	1
79	71	8.18507612510360e-04	1.60149848456817e-02	1
80	71	8.93606630158017e-04	1.92006781971793e-02	1
81	71	9.50281313593317e-04	1.84488631577258e-02	1
82	71	1.00719345605923e-03	2.04176369466967e-02	1
83	71	1.05495512364445e-03	1.97663625945570e-02	1
84	71	1.10756990118879e-03	2.12984375296460e-02	1
85	71	1.16596036141053e-03	2.25385607465311e-02	1
86	71	1.22503626992130e-03	2.44542086560423e-02	1
87	71	1.27068109205116e-03	2.40708729852234e-02	1
88	71	1.33161498399051e-03	2.67188133353365e-02	1
89	71	1.37109096789152e-03	2.90252674308818e-02	1
90	71	1.43249480908307e-03	3.02014975195063e-02	1
1	76	2.97785754454060e-03	5.71375659164725e-02	1
2	76	2.95234739778672e-03	6.01592684625150e-02	1
3	76	2.92563228103103e-03	5.97993671927158e-02	1
4	76	2.91599842580499e-03	5.75398629638387e-02	1
5	76	2.87525548866436e-03	6.03805202347263e-02	1
6	76	2.87210392858346e-03	6.14495224277555e-02	1
7	76	2.83177187210683e-03	5.63671980825031e-02	1
8	76	2.81939904066701e-03	5.46610952039912e-02	1
9	76	2.77890402082968e-03	5.30013812581950e-02	1
10	76	2.75359828975367e-03	5.39139373444723e-02	1
11	76	2.72632409220765e-03	5.00262922145827e-02	1
12	76	2.69116120062083e-03	5.10997554550699e-02	1
13	76	2.66566018937756e-03	5.53717796926284e-02	1
14	76	2.63023991138485e-03	5.13049322604018e-02	1
15	76	2.60274888233691e-03	5.17631280123052e-02	1
16	76	2.57193663469430e-03	5.36920123037513e-02	1
17	76	2.52587203998431e-03	4.98475955546733e-02	1
18	76	2.49751679681810e-03	4.69158248911192e-02	1
19	76	2.46897806741782e-03	5.02634842099645e-02	1
20	76	2.42604629513431e-03	5.06376925344348e-02	1
21	76	2.39815081995742e-03	4.97352846147965e-02	1
22	76	2.37246922677469e-03	4.95369198684975e-02	1
23	76	2.32917574509979e-03	4.44140318988431e-02	1
24	76	2.29591302508435e-03	4.26759408968468e-02	1
25	76	2.26220829452836e-03	4.40415382925344e-02	1
26	76	2.22517522854347e-03	4.40756215270119e-02	1
27	76	2.19396644576268e-03	4.53650734330716e-02	1
28	76	2.14358095473925e-03	4.37834259924920e-02	1
29	76	2.10858663677755e-03	3.75901739836735e-02	1
30	76	2.07497172945080e-03	4.28922198821391e-02	1
31	76	2.02730267400069e-03	4.36171915428227e-02	1
32	76	1.99852209197816e-03	4.13029176410766e-02	1
33	76	1.96468372261625e-03	3.69164939909755e-02	1
34	76	1.91274052513845e-03	3.70007119820111e-02	1
35	76	1.88380550048881e-03	3.66613738430223e-02	1
36	76	1.83264618709451e-03	3.69031984282246e-02	1
37	76	1.78970944174448e-03	3.70002931505991e-02	1
38	76	1.75014055317931e-03	3.14844949569732e-02	1
39	76	1.72850930282705e-03	3.54496086175023e-02	1
40	76	1.72823851945508e-03	3.29893667746395e-02	1
41	76	1.72485676101819e-03	3.21026638968219e-02	1
42	76	1.71703131690641e-03	3.44343849232488e-02	1
43	76	1.71642826030770e-03	3.56292149373008e-02	1
44	76	1.71048044688620e-03	3.45443687649674e-02	1
45	76	1.69501739850036e-03	3.36772824085614e-02	1
46	76	1.67005198555180e-03	3.25622118779506e-02	1
47	76	1.63769877441109e-03	3.12998020206209e-02	1
48	76	1.60969435030586e-03	3.30922252928229e-02	1
49	76	1.57997207163766e-03	2.99035915836660e-02	1
50	76	1.55211117572845e-03	2.89226848407326e-02	1
51	76	1.52294808486101e-03	2.82777707897128e-02	1
52	76	1.49180010175783e-03	3.13226597512580e-02	1
53	76	1.45983449479024e-03	2.55700094723687e-02	1
54	76	1.43104245225797e-03	2.93839995151180e-02	1
55	76	1.38900664381923e-03	2.89134538549531e-02	1
56	76	1.35810174260332e-03	2.52278117804263e-02	1
57	76	1.33073671577357e-03	2.88908285170726e-02	1
58	76	1.28877575615585e-03	2.68128521087916e-02	1
59	76	1.25527908799171e-03	2.38122816010201e-02	1
60	76	1.21503606130742e-03	2.41240465687317e-02	1
61	76	1.18260750044799e-03	2.66259665024342e-02	1
62	76	1.13693312395511e-03	2.23452722910665e-02	1
63	76	1.08898704521096e-03	2.04248773716067e-02	1
64	76	1.03838878412362e-03	2.00988426382225e-02	1
65	76	9.89105743437918e-04	2.04927433876981e-02	1
66	76	9.38931872220485e-04	1.93764987292996e-02	1
67	76	8.83280267501914e-04	1.82348025051667e-02	1
68	76	8.31059213047703e-04	1.66659063396633e-02	1
69	76	7.66301603504659e-04	1.56759635494179e-02	1
70	76	6.70245099213430e-04	1.31392833577553e-02	1
71	76	5.42069022366428e-04	1.18149480975300e-02	1
72	76	4.40650378861407e-04	8.69654260225418e-03	1
73	76	3.39568987558546e-04	7.04460677577901e-03	1
74	76	2.11787024218601e-04	4.51972503288950e-03	1
75	76	1.11493052113625e-04	2.07371892481037e-03	1
77	76	1.36275832910745e-04	2.42448768173194e-03	1
78	76	2.37989473287310e-04	4.89192008283162e-03	1
79	76	3.38110597841958e-04	6.16482310462549e-03	1
80	76	4.63851795950522e-04	8.04087081917249e-03	1
81	76	5.64907739467375e-04	9.85078175995842e-03	1
82	76	6.92145494468645e-04	1.35576484990249e-02	1
83	76	7.93646846150122e-04	1.48619497511532e-02	1
84	76	8.64070628070729e-04	1.64026442193638e-02	1
85	76	9.33439326757382e-04	1.92627433255078e-02	1
86	76	1.00669338302668e-03	1.93962366067302e-02	1
87	76	1.06378772748544e-03	1.98999363974477e-02	1
88	76	1.12472161942479e-03	2.16718128706751e-02	1
89	76	1.16419760332580e-03	2.14587492027604e-02	1
90	76	1.22962880818235e-03	2.41983185120874e-02	1
1	81	3.05031662824326e-03	6.00984944944935e-02	1
2	81	3.02480648148937e-03	5.81378791852055e-02	1
3	81	2.99809136473369e-03	6.08119568348514e-02	1
4	81	2.98845750950764e-03	5.59887386693880e-02	1
5	81	2.94771457236702e-03	5.89929077446078e-02	1
6	81	2.94456301228612e-03	6.25452012656072e-02	1
7	81	2.90423095580948e-03	6.12022074600301e-02	1
8	81	2.89209821382973e-03	6.46090958680978e-02	1
9	81	2.85572377867148e-03	4.86907335594056e-02	1
10	81	2.83088133345135e-03	6.16941305363778e-02	1
11	81	2.80745617456436e-03	5.42654552972057e-02	1
12	81	2.77424382069218e-03	4.77327751127131e-02	1
13	81	2.75219444857588e-03	5.77367297214958e-02	1
14	81	2.71864372821806e-03	5.77257833049757e-02	1
15	81	2.69448845746784e-03	5.50508286603415e-02	1
16	81	2.66389086702885e-03	4.91640288459650e-02	1
17	81	2.62080011445740e-03	5.41908958749128e-02	1
18	81	2.59377924356480e-03	5.10649961112346e-02	1
19	81	2.56555493611413e-03	5.15442112714010e-02	1
20	81	2.52262316383062e-03	5.15935841274640e-02	1
21	81	2.49668742905312e-03	4.80391004268323e-02	1
22	81	2.47100583587039e-03	4.78237753479965e-02	1
23	81	2.42771235419549e-03	5.26346898031717e-02	1
24	81	2.39444963418005e-03	5.08323855395867e-02	1
25	81	2.36074490362406e-03	4.88803398314023e-02	1
26	81	2.32371183763917e-03	5.06318237880659e-02	1
27	81	2.29471866376877e-03	4.56389895883770e-02	1
28	81	2.24436362266882e-03	4.36890168546139e-02	1
29	81	2.20936930470711e-03	4.96479302400007e-02	1
30	81	2.17575439738037e-03	4.54169043989739e-02	1
31	81	2.12808534193026e-03	4.64892696427891e-02	1
32	81	2.09930475990772e-03	4.28202193100823e-02	1
33	81	2.06585646105812e-03	4.05063208485886e-02	1
34	81	2.01391326358032e-03	3.91845109667635e-02	1
35	81	1.98497823893068e-03	3.86759148221668e-02	1
36	81	1.93412095249538e-03	3.87201431768092e-02	1
37	81	1.89118420714535e-03	3.63973279306839e-02	1
38	81	1.85161531858017e-03	3.54130774592104e-02	1
39	81	1.82998406822792e-03	3.81327079102114e-02	1
40	81	1.82971328485595e-03	3.34952015481265e-02	1
41	81	1.82633152641906e-03	3.84854624152225e-02	1
42	81	1.81978701209347e-03	3.55018507606634e-02	1
43	81	1.82010841717669e-03	3.61667103078601e-02	1
44	81	1.81625989829757e-03	3.91753672906705e-02	1
45	81	1.80722961082682e-03	3.55135666015802e-02	1
46	81	1.80506833864473e-03	3.67514761568661e-02	1
47	81	1.80100812427710e-03	3.62340273464920e-02	1
48	81	1.78131597464276e-03	3.61880747999407e-02	1
49	81	1.75667410940455e-03	3.41928969067024e-02	1
50	81	1.73299779728872e-03	3.33763827789700e-02	1
51	81	1.70910512044011e-03	3.41155059817199e-02	1
52	81	1.68335965922865e-03	3.22214754337333e-02	1
53	81	1.65439917566260e-03	3.15709538674984e-02	1
54	81	1.63090680398641e-03	2.96352197041592e-02	1
55	81	1.59470833339975e-03	3.19848181577586e-02	1
56	81	1.56875652226191e-03	2.99471775646662e-02	1
57	81	1.54628164371842e-03	3.32555040243482e-02	1
58	81	1.50780946133247e-03	2.91188260765349e-02	1
59	81	1.47984498979671e-03	2.99166596119953e-02	1
60	81	1.44487673827885e-03	2.97291960212724e-02	1
61	81	1.41339373772426e-03	2.85611874471345e-02	1
62	81	1.36864783743236e-03	2.79950973807437e-02	1
63	81	1.32561218413094e-03	2.57615699252567e-02	1
64	81	1.28144940176323e-03	2.55299291840215e-02	1
65	81	1.23293209848346e-03	2.31347333898021e-02	1
66	81	1.18664402704258e-03	2.32078329518223e-02	1
67	81	1.13263467988369e-03	2.12734744977711e-02	1
68	81	1.09621806538171e-03	2.13613432122116e-02	1
69	81	1.04873500740373e-03	2.11760303685839e-02	1
70	81	9.96678257722872e-04	1.94230835565937e-02	1
71	81	9.50281313593318e-04	1.95725850841710e-02	1
72	81	8.95735987402778e-04	1.68376250946176e-02	1
73	81	8.43128357041511e-04	1.73449676403116e-02	1
74	81	7.66694763685975e-04	1.60319177538498e-02	1
75	81	6.66400791580999e-04	1.22360753038667e-02	1
76	81	5.64907739467374e-04	1.00773816371625e-02	1
77	81	4.38631906556630e-04	8.76139388642046e-03	1
78	81	3.36918266180064e-04	6.06287362680983e-03	1
79	81	2.36797141625416e-04	4.61725341219558e-03	1
80	81	1.11055943516853e-04	1.88592527626412e-03	1
82	81	1.37237755001270e-04	2.61990722425892e-03	1
83	81	2.38739106682748e-04	4.55378575224788e-03	1
84	81	3.41780525058526e-04	6.94940364651949e-03	1
85	81	4.71440076359276e-04	8.88329234281254e-03	1
86	81	5.74922082111909e-04	1.23399344502814e-02	1
87	81	6.77651046175936e-04	1.31446101458010e-02	1
88	81	8.08411204919431e-04	1.53052246782752e-02	1
89	81	8.93324990905578e-04	1.80275902971982e-02	1
90	81	9.77275516994634e-04	1.86612150869396e-02	1
1	86	3.14572473158966e-03	6.32521947867952e-02	1
2	86	3.12021458483578e-03	5.92037097336142e-02	1
3	86	3.09349946808009e-03	6.39073420682317e-02	1
4	86	3.08386561285404e-03	6.81831131078369e-02	1
5	86	3.04312267571342e-03	6.49827884984856e-02	1
6	86	3.03997111563252e-03	5.84598827470102e-02	1
7	86	2.99963905915588e-03	6.04517909816898e-02	1
8	86	2.98750631717614e-03	6.43885397531622e-02	1
9	86	2.95133250630630e-03	5.86077021729471e-02	1
10	86	2.92649006108618e-03	5.58886872646446e-02	1
11	86	2.90306490219919e-03	5.80970284633524e-02	1
12	86	2.86985254832701e-03	6.22487313620761e-02	1
13	86	2.84780317621071e-03	5.83189551006572e-02	1
14	86	2.81425245585288e-03	5.91644238760071e-02	1
15	86	2.79009718510266e-03	5.88552619423391e-02	1
16	86	2.76086924733112e-03	5.72732308982597e-02	1
17	86	2.72370174779706e-03	5.02161271378415e-02	1
18	86	2.69866012850486e-03	5.40443764372943e-02	1
19	86	2.67229436324171e-03	5.88208417966648e-02	1
20	86	2.63101371787934e-03	5.35032588453401e-02	1
21	86	2.61074002370559e-03	4.87577003218423e-02	1
22	86	2.58583875253366e-03	4.54772597527783e-02	1
23	86	2.54727158664669e-03	4.78013640689473e-02	1
24	86	2.51400886663125e-03	5.12772957630741e-02	1
25	86	2.48030413607526e-03	4.78541492677162e-02	1
26	86	2.44511114926909e-03	4.82086532405317e-02	1
27	86	2.41958795105540e-03	4.45004074897831e-02	1
28	86	2.37155142773417e-03	4.24760354442553e-02	1
29	86	2.33655710977247e-03	4.44424264963350e-02	1
30	86	2.30352509917710e-03	4.52101539522895e-02	1
31	86	2.25800049244717e-03	4.47920363321995e-02	1
32	86	2.22921991042463e-03	4.43875391063581e-02	1
33	86	2.19731435241632e-03	4.44427919786719e-02	1
34	86	2.14537115493852e-03	4.22035669693287e-02	1
35	86	2.11643613028888e-03	4.43555402560836e-02	1
36	86	2.06594028159491e-03	4.11693532597432e-02	1
37	86	2.02300353624488e-03	4.41068615083600e-02	1
38	86	1.98343464767971e-03	3.87794051369203e-02	1
39	86	1.96252240682745e-03	3.92556616704707e-02	1
40	86	1.96274009807137e-03	4.21760863648990e-02	1
41	86	1.95935833963448e-03	3.83399125751167e-02	1
42	86	1.95318844852320e-03	3.74542388592746e-02	1
43	86	1.95528018854989e-03	3.71051866288936e-02	1
44	86	1.95210358177204e-03	3.83987376360553e-02	1
45	86	1.94383815130343e-03	3.85037513259494e-02	1
46	86	1.94167687912135e-03	3.72588219557709e-02	1
47	86	1.93808314082323e-03	4.01776451482761e-02	1
48	86	1.93777964602338e-03	3.83845000148350e-02	1
49	86	1.93336445161411e-03	4.05485344393711e-02	1
50	86	1.93091355561991e-03	3.72542154878765e-02	1
51	86	1.91767391660037e-03	3.77591604268559e-02	1
52	86	1.89440354373154e-03	3.82872278407444e-02	1
53	86	1.86915304071003e-03	3.92132097264632e-02	1
54	86	1.84752553724826e-03	3.82454440249284e-02	1
55	86	1.81366535087373e-03	3.65139753537403e-02	1
56	86	1.79597506946583e-03	3.69054108999842e-02	1
57	86	1.77350019092234e-03	3.65004233447783e-02	1
58	86	1.73831876321108e-03	3.62994413378632e-02	1
59	86	1.71325613581833e-03	3.63096075321773e-02	1
60	86	1.68571765217715e-03	3.53992930867698e-02	1
61	86	1.65744834190011e-03	3.43644880984812e-02	1
62	86	1.61662074305629e-03	3.08439835413272e-02	1
63	86	1.57573464709109e-03	3.16620414173555e-02	1
64	86	1.54074189720852e-03	2.98094751322136e-02	1
65	86	1.49308914466294e-03	3.00320027071429e-02	1
66	86	1.45065867396586e-03	2.77070529687118e-02	1
67	86	1.39936957214217e-03	3.07415067309954e-02	1
68	86	1.36373833002969e-03	2.46629390767299e-02	1
69	86	1.32044392561271e-03	2.54131364547243e-02	1
70	86	1.27143321405086e-03	2.66035660344712e-02	1
71	86	1.22503626992130e-03	2.38478398605373e-02	1
72	86	1.18259715056960e-03	2.38403999889835e-02	1
73	86	1.13879540118341e-03	1.97306416623575e-02	1
74	86	1.08967024424262e-03	2.24179583851078e-02	1
75	86	1.05324814753082e-03	2.02871625696743e-02	1
76	86	1.00669338302668e-03	2.09640458674482e-02	1
77	86	9.49292829527358e-04	1.72124575747041e-02	1
78	86	8.92622147908811e-04	1.78646301635752e-02	1
79	86	8.01719223737325e-04	1.57834513470123e-02	1
80	86	6.75978025628762e-04	1.36820848522582e-02	1
81	86	5.74922082111909e-04	1.15673701408290e-02	1
82	86	4.47684327110639e-04	8.50105911531850e-03	1
83	86	3.46182975429161e-04	6.37957873888031e-03	1
84	86	2.43141557053383e-04	4.57711181768692e-03	1
85	86	1.13482005752633e-04	2.21010972394710e-03	1
87	86	1.12728964064028e-04	2.15758261798551e-03	1
88	86	2.43489122807522e-04	4.48086988003888e-03	1
89	86	3.47459352406943e-04	6.96171841400864e-03	1
90	86	4.78226480572286e-04	9.35839883859256e-03	1
0
