72
# x y z
15.13128706574	1614.4322151815	0
15.971914125263	1614.2480817522	0
17.092750204309	1614.0017802685	0
17.933377262895	1613.8896490494	0
19.054213341941	1613.6640943179	0
19.894840401464	1613.4531806812	0
21.01567648051	1613.2017060473	0
22.136512559555	1613.0209612165	0
22.977139618163	1612.7839906162	0
24.097975697208	1612.4704513359	0
24.938602756711	1612.2799935018	0
26.059438835756	1612.0233888554	0
26.900065894364	1611.8127028387	0
28.020901973409	1611.4935477121	0
28.861529032912	1611.2661169525	0
29.982365111957	1610.9320909696	0
31.103201191003	1610.6332943565	0
31.94382824961	1610.3988909041	0
33.064664328656	1610.025215627	0
33.905291388159	1609.6969226656	0
35.026127467204	1609.273055992	0
35.866754526728	1608.9762645137	0
36.987590604857	1608.6083213405	0
38.108426683902	1608.2923235213	0
38.949053743405	1607.9791718677	0
40.069889822451	1607.5638687784	0
40.910516881974	1607.2027089205	0
42.031352960103	1606.7101178852	0
42.871980019606	1606.3922779973	0
43.992816098652	1605.8915568952	0
45.113652177718	1605.5141987047	0
45.954279237221	1605.2987675488	0
47.07511531535	1605.1190249794	0
47.915742374874	1605.5260009765	0
49.036578453919	1606.3123136821	0
49.877205513422	1606.6963135379	0
50.998041592467	1607.274444045	0
52.118877670596	1608.0306414839	0
52.95950473012	1608.5139866878	0
54.080340809166	1609.1804639773	0
54.920967868668	1609.5609066613	0
56.041803947714	1610.221126547	0
56.882431006321	1610.673374109	0
58.003267085367	1611.3347461671	0
59.124103164412	1612.0321219308	0
59.964730223915	1612.5118527521	0
61.08556630296	1613.134070834	0
61.926193361568	1613.5942860079	0
63.047029440613	1614.1662248883	0
63.887656500116	1614.5491071429	0
65.008492579161	1615.2045999399	0
66.129328658207	1615.8033413614	0
66.969955716814	1616.2616465479	0
68.09079179586	1616.764310679	0
68.931418855383	1617.1658761161	0
70.052254934429	1617.656704016	0
70.892881993015	1617.9890029638	0
72.013718072061	1618.5044395044	0
73.134554151106	1618.9392016417	0
73.97518121063	1619.4065547169	0
75.096017289675	1619.7860661175	0
75.936644348262	1620.0922625165	0
77.057480427307	1620.5294926769	0
77.898107486831	1620.8283593505	0
79.018943565876	1621.1782520266	0
80.139779644922	1621.5498573094	0
80.980406703508	1621.8616524219	0
82.101242782554	1622.2570103236	0
82.941869842078	1622.6144373996	0
84.062705921123	1622.9506321957	0
84.903332980626	1623.1735509429	0
86.024169058755	1623.4939937733	0
1065
# g s err t valid 
2	1	8.56360859053572e-05	1.58632114748305e-03	1
3	1	1.86233915853988e-04	3.52028339432769e-03	1
4	1	2.60459599202832e-04	4.94692429990533e-03	1
5	1	3.60583351339769e-04	6.72466930656452e-03	1
6	1	4.36579614741404e-04	8.93867551489500e-03	1
7	1	5.37198804146593e-04	9.80816651779116e-03	1
8	1	6.36715666792295e-04	1.26171775984674e-02	1
9	1	7.13436840214071e-04	1.39757450899718e-02	1
10	1	7.90472536964422e-04	1.59801626620392e-02	1
11	1	8.18016755935296e-04	1.81151163678182e-02	1
12	1	8.69211506300776e-04	1.82456919631563e-02	1
13	1	9.04013882267887e-04	1.81525963265573e-02	1
14	1	9.37020522367765e-04	1.79541962699188e-02	1
15	1	9.60986224072926e-04	1.88798143962591e-02	1
16	1	9.97075191092777e-04	2.01537152163807e-02	1
17	1	1.02813927631497e-03	2.02499358890459e-02	1
18	1	1.05061863035313e-03	2.12718255069801e-02	1
19	1	1.08514326388965e-03	2.07387242444620e-02	1
20	1	1.10838917056664e-03	2.21809060194138e-02	1
21	1	1.14160773601799e-03	2.33137284771468e-02	1
22	1	1.16520791897541e-03	2.14542199621085e-02	1
23	1	1.19833028447024e-03	2.34679561730952e-02	1
24	1	1.23388693677111e-03	2.52695365245784e-02	1
25	1	1.25584777660015e-03	2.35632934719033e-02	1
26	1	1.28829019115824e-03	2.72101253529069e-02	1
27	1	1.30700704855757e-03	2.72192533376786e-02	1
28	1	1.33630110444404e-03	2.63724285178354e-02	1
29	1	1.35867190451950e-03	2.66658560889186e-02	1
30	1	1.38862567664653e-03	2.90945638531883e-02	1
31	1	1.40896601793601e-03	2.95664704923255e-02	1
32	1	1.42115049402664e-03	2.58847324445665e-02	1
33	1	1.44221408041684e-03	2.69424912412539e-02	1
34	1	1.47649856909734e-03	3.33224204671226e-02	1
35	1	1.52887600355278e-03	2.90556390190418e-02	1
36	1	1.55778258381225e-03	3.19728275932669e-02	1
37	1	1.59503687011453e-03	3.11915819713721e-02	1
38	1	1.64048629412977e-03	3.36892618880269e-02	1
39	1	1.66630240270089e-03	3.17514606565467e-02	1
40	1	1.70675661124095e-03	3.46136574800826e-02	1
41	1	1.73019675845191e-03	3.34364116157580e-02	1
42	1	1.77391228681613e-03	3.23002183462110e-02	1
43	1	1.80221828127875e-03	3.96269414737792e-02	1
44	1	1.84742877651403e-03	3.57844835075906e-02	1
45	1	1.88824002551234e-03	4.09124032868269e-02	1
46	1	1.92474642309774e-03	4.25682094463299e-02	1
47	1	1.95813529119513e-03	3.79466211532288e-02	1
48	1	1.98536228063578e-03	3.84903914427500e-02	1
49	1	2.01868636720640e-03	4.40578915301145e-02	1
50	1	2.04293503929249e-03	4.08242562176847e-02	1
51	1	2.07513227771031e-03	4.60581151418770e-02	1
52	1	2.11581263910357e-03	3.89778867287692e-02	1
53	1	2.14237803802980e-03	4.46533549943755e-02	1
54	1	2.17132507529147e-03	4.15084372727936e-02	1
55	1	2.20237535985329e-03	4.62274494657589e-02	1
56	1	2.23800934078630e-03	4.53030646550050e-02	1
57	1	2.26975173330327e-03	4.60782391587903e-02	1
58	1	2.29945902924387e-03	4.87319883991178e-02	1
59	1	2.32891827081761e-03	4.19725312862140e-02	1
60	1	2.36075433294292e-03	4.86505755508032e-02	1
61	1	2.38906297927102e-03	4.88509332680129e-02	1
62	1	2.40479508564098e-03	4.90030847441636e-02	1
63	1	2.43832347349504e-03	4.66556003190165e-02	1
64	1	2.45858154329859e-03	4.82614674308668e-02	1
65	1	2.47823014432742e-03	4.58746533602320e-02	1
66	1	2.49675412030818e-03	5.02353956753167e-02	1
67	1	2.50945331709273e-03	4.86528828934626e-02	1
68	1	2.52994913410130e-03	5.27586908527801e-02	1
69	1	2.54709507865600e-03	5.00033452798567e-02	1
70	1	2.56537271657678e-03	4.93169341078574e-02	1
71	1	2.57329457473914e-03	5.53743546174117e-02	1
72	1	2.58820313480083e-03	5.02656095004626e-02	1
1	6	4.36579614741405e-04	8.14147419090096e-03	1
2	6	3.60943528836047e-04	7.29524077069824e-03	1
3	6	2.60345698887416e-04	4.81051417912087e-03	1
4	6	1.86120015538573e-04	3.59175442863397e-03	1
5	6	8.59962634016356e-05	1.36766884614687e-03	1
7	6	1.10619189405189e-04	1.91231682739433e-03	1
8	6	2.10136052050891e-04	4.02940437165232e-03	1
9	6	2.86857225472666e-04	5.69115122126278e-03	1
10	6	3.88659996411355e-04	7.02420177414481e-03	1
11	6	4.63977339125813e-04	9.44779847301347e-03	1
12	6	5.64376638515440e-04	1.13977600062675e-02	1
13	6	6.39742630665664e-04	1.19953674142867e-02	1
14	6	6.85414185665161e-04	1.36721136165849e-02	1
15	6	7.21003170371556e-04	1.36659609916699e-02	1
16	6	7.64215661672315e-04	1.48115804629543e-02	1
17	6	8.00126096941041e-04	1.59581003130326e-02	1
18	6	8.22605450979210e-04	1.73644894969136e-02	1
19	6	8.57130084515730e-04	1.74126850430740e-02	1
20	6	8.80375991192719e-04	1.71541035399045e-02	1
21	6	9.14932763997636e-04	1.69129248592314e-02	1
22	6	9.42888177266047e-04	1.81180729318367e-02	1
23	6	9.77861315653312e-04	1.98886422608737e-02	1
24	6	1.01561457454246e-03	2.05978243166576e-02	1
25	6	1.03931776595346e-03	2.08690893253204e-02	1
26	6	1.07487956534415e-03	2.14564414312885e-02	1
27	6	1.09544811612446e-03	2.16098388049927e-02	1
28	6	1.12683881886356e-03	2.25755779585837e-02	1
29	6	1.15115402448111e-03	2.38155209246133e-02	1
30	6	1.18318875659629e-03	2.18553665730054e-02	1
31	6	1.21450878367802e-03	2.25567060935845e-02	1
32	6	1.24296685582151e-03	2.67794612907436e-02	1
33	6	1.28142597022606e-03	2.53636820706011e-02	1
34	6	1.32449037020287e-03	2.73770934331960e-02	1
35	6	1.38232413134097e-03	3.00851446423952e-02	1
36	6	1.41309790800210e-03	2.66177136015829e-02	1
37	6	1.45035219430437e-03	2.78651456697340e-02	1
38	6	1.49580161831961e-03	3.02125792463823e-02	1
39	6	1.52161772689073e-03	2.95802837411553e-02	1
40	6	1.56207193543080e-03	3.17832327370956e-02	1
41	6	1.58551208264176e-03	3.38830853915744e-02	1
42	6	1.62922761100597e-03	3.04728513463491e-02	1
43	6	1.65753360546859e-03	3.32263274659132e-02	1
44	6	1.70274410070387e-03	3.89253603695289e-02	1
45	6	1.74355534970218e-03	3.27591519156145e-02	1
46	6	1.78015988879983e-03	3.46477496227016e-02	1
47	6	1.81354875689722e-03	3.75103307383996e-02	1
48	6	1.84077574633787e-03	3.79671607264348e-02	1
49	6	1.87409983290849e-03	3.65032654155417e-02	1
50	6	1.89834850499458e-03	3.83650711527137e-02	1
51	6	1.93054574341240e-03	3.82172050727701e-02	1
52	6	1.97122610480566e-03	3.50644904645211e-02	1
53	6	1.99779150373189e-03	3.75341497769875e-02	1
54	6	2.02673854099356e-03	3.74497580038276e-02	1
55	6	2.05778882555538e-03	4.73469524670608e-02	1
56	6	2.09342280648839e-03	4.25624446740639e-02	1
57	6	2.12516519900536e-03	4.35230514393049e-02	1
58	6	2.15487249494596e-03	3.97064474074807e-02	1
59	6	2.18512092052068e-03	4.37921013791756e-02	1
60	6	2.21695698264599e-03	4.45573359686815e-02	1
61	6	2.24526562897409e-03	4.11844965538725e-02	1
62	6	2.26099773534405e-03	4.26726200401206e-02	1
63	6	2.29505286760041e-03	4.47534661251680e-02	1
64	6	2.31531093740396e-03	4.22286106140247e-02	1
65	6	2.33547693554350e-03	4.73821133256857e-02	1
66	6	2.35406996244097e-03	4.94911503820077e-02	1
67	6	2.36676915922552e-03	4.54219804440152e-02	1
68	6	2.38796100407386e-03	4.95495326371443e-02	1
69	6	2.40510694862856e-03	4.85076434607762e-02	1
70	6	2.42524630551641e-03	4.87006519676391e-02	1
71	6	2.43316816367877e-03	4.89599784536105e-02	1
72	6	2.44892634376596e-03	4.73913279728917e-02	1
1	11	8.18016755935296e-04	1.64305067486904e-02	1
2	11	7.70292844515302e-04	1.64652433078229e-02	1
3	11	7.10743212249557e-04	1.38182053242630e-02	1
4	11	6.40097354664386e-04	1.20999574332395e-02	1
5	11	5.39973602527449e-04	1.09178777288971e-02	1
6	11	4.63977339125813e-04	9.45205065549108e-03	1
7	11	3.63358149720624e-04	7.47134510733251e-03	1
8	11	2.63841287074923e-04	5.28737385824732e-03	1
9	11	1.87120113653147e-04	3.48702676042964e-03	1
10	11	8.53173427144581e-05	1.43339723386412e-03	1
12	11	1.10399299389627e-04	2.16808588033483e-03	1
13	11	1.85765291539851e-04	3.76806953321259e-03	1
14	11	2.87595235007106e-04	5.53303853358481e-03	1
15	11	3.63860185194000e-04	7.31068756324884e-03	1
16	11	4.59710449110241e-04	9.08758947772009e-03	1
17	11	5.32391731183884e-04	1.05283093731430e-02	1
18	11	5.73740269788625e-04	1.22128441359531e-02	1
19	11	6.15231742714425e-04	1.24077573784193e-02	1
20	11	6.38477649391415e-04	1.19404550371228e-02	1
21	11	6.73034422196331e-04	1.25773743090316e-02	1
22	11	7.01467700958892e-04	1.31195818469797e-02	1
23	11	7.41010551929946e-04	1.36973185146009e-02	1
24	11	7.81038624494706e-04	1.60155587935075e-02	1
25	11	8.04911110908678e-04	1.50872650569948e-02	1
26	11	8.42959348064681e-04	1.73557325072829e-02	1
27	11	8.66669780574029e-04	1.74422575681252e-02	1
28	11	8.99167677718352e-04	1.56560953523890e-02	1
29	11	9.25491513306989e-04	1.68011913126568e-02	1
30	11	9.59286662883429e-04	1.98399243100175e-02	1
31	11	9.92452301769561e-04	1.82242760931712e-02	1
32	11	1.02091037391306e-03	2.10715989736286e-02	1
33	11	1.06373998366885e-03	2.02765600067657e-02	1
34	11	1.10869153832096e-03	2.01524416223759e-02	1
35	11	1.16652529945906e-03	2.20188798510896e-02	1
36	11	1.20099598373079e-03	2.22310610301014e-02	1
37	11	1.25178324302682e-03	2.46983329536470e-02	1
38	11	1.30605156024692e-03	2.88374410234802e-02	1
39	11	1.34417788718541e-03	2.62973893305138e-02	1
40	11	1.39581122136197e-03	2.84622742278063e-02	1
41	11	1.43024361472999e-03	2.84558852782049e-02	1
42	11	1.47938371021608e-03	3.10274428292124e-02	1
43	11	1.50823422323055e-03	3.05650878250135e-02	1
44	11	1.55344471846583e-03	3.09204887352019e-02	1
45	11	1.59425596746414e-03	2.96996357943660e-02	1
46	11	1.63320730639917e-03	3.08675651336302e-02	1
47	11	1.66969990971426e-03	3.02699189214998e-02	1
48	11	1.69692689915491e-03	3.32940255428919e-02	1
49	11	1.73025098572552e-03	3.30420574318040e-02	1
50	11	1.75449965781162e-03	3.72671836169513e-02	1
51	11	1.78669689622944e-03	3.51539986510873e-02	1
52	11	1.82737725762270e-03	3.88313403436228e-02	1
53	11	1.85394265654893e-03	3.53591530539777e-02	1
54	11	1.88288969381060e-03	3.62287745664994e-02	1
55	11	1.91393997837242e-03	4.19311231591138e-02	1
56	11	1.94957395930543e-03	4.12620537096750e-02	1
57	11	1.98131635182240e-03	3.92468770120768e-02	1
58	11	2.01102364776300e-03	4.08915840655909e-02	1
59	11	2.04127207333772e-03	3.89516731637816e-02	1
60	11	2.07310813546303e-03	4.45564164924236e-02	1
61	11	2.10141678179113e-03	4.54262350508516e-02	1
62	11	2.11714888816109e-03	4.21997267401798e-02	1
63	11	2.15120402041745e-03	3.95196224847988e-02	1
64	11	2.17146209022100e-03	4.28644071902897e-02	1
65	11	2.19162808836054e-03	4.49168537206169e-02	1
66	11	2.21127810616105e-03	4.19471746822070e-02	1
67	11	2.22408355739843e-03	4.30499027252820e-02	1
68	11	2.24527540224677e-03	4.42266400410379e-02	1
69	11	2.26242134680147e-03	4.34646835987981e-02	1
70	11	2.28309496189602e-03	4.73054707878908e-02	1
71	11	2.29118337202806e-03	4.63698198239422e-02	1
72	11	2.30736752044925e-03	4.79889665557343e-02	1
1	16	9.97075191092777e-04	1.92439368678894e-02	1
2	16	9.59648375251886e-04	1.87778186244871e-02	1
3	16	9.04971646858824e-04	1.75292797206970e-02	1
4	16	8.66410810138476e-04	1.67303207681672e-02	1
5	16	8.10460161684923e-04	1.53612290035378e-02	1
6	16	7.64215661672315e-04	1.52037508410761e-02	1
7	16	7.05543019975048e-04	1.30599445302782e-02	1
8	16	6.47113380050251e-04	1.26007888236176e-02	1
9	16	6.04166317216252e-04	1.18256804289405e-02	1
10	16	5.28619458977695e-04	1.02003637260258e-02	1
11	16	4.59710449110241e-04	9.39734145121722e-03	1
12	16	3.66052693676581e-04	6.92734879799292e-03	1
13	16	2.90686701526357e-04	5.71610639850405e-03	1
14	16	1.88856758059102e-04	3.39426016385481e-03	1
15	16	1.12591807872208e-04	2.11815707644174e-03	1
17	16	1.12024752061018e-04	2.02964616549075e-03	1
18	16	1.88975487496197e-04	3.51310206259512e-03	1
19	16	2.92840925198967e-04	5.84250458679340e-03	1
20	16	3.61271078382935e-04	6.69887767067435e-03	1
21	16	4.21690120862614e-04	8.19376664407943e-03	1
22	16	4.58689918514687e-04	9.03113018179235e-03	1
23	16	5.03865759691120e-04	9.18132665867813e-03	1
24	16	5.44293543286114e-04	1.01902592230774e-02	1
25	16	5.68166029700085e-04	1.10801722417842e-02	1
26	16	6.06214266856089e-04	1.25065683879332e-02	1
27	16	6.30029994774642e-04	1.13272879394767e-02	1
28	16	6.64218696368614e-04	1.24854058873317e-02	1
29	16	6.92535997070830e-04	1.34878301775152e-02	1
30	16	7.31357874221608e-04	1.46137204246037e-02	1
31	16	7.69461201149247e-04	1.49655342211174e-02	1
32	16	7.99542447869819e-04	1.57137544971446e-02	1
33	16	8.43763805589270e-04	1.73816045299539e-02	1
34	16	8.88715360241378e-04	1.69466649748059e-02	1
35	16	9.46549121379472e-04	1.81051759112039e-02	1
36	16	9.81019805651203e-04	2.00038720034701e-02	1
37	16	1.03180706494724e-03	2.03357458738118e-02	1
38	16	1.08607538216733e-03	1.97886929248599e-02	1
39	16	1.12420170910582e-03	2.32689807649487e-02	1
40	16	1.17583504328239e-03	2.33356339900743e-02	1
41	16	1.21026743665040e-03	2.28867323050562e-02	1
42	16	1.27117661695407e-03	2.52301546624220e-02	1
43	16	1.31051898298544e-03	2.53085615367259e-02	1
44	16	1.36981700643568e-03	2.67992196555531e-02	1
45	16	1.42178969949190e-03	2.75928017644241e-02	1
46	16	1.46697866144783e-03	2.98083186693095e-02	1
47	16	1.51727321860082e-03	3.04570249578530e-02	1
48	16	1.54746537782289e-03	3.01510046227828e-02	1
49	16	1.58198404514144e-03	3.01859004039815e-02	1
50	16	1.60698394647277e-03	3.14562283556985e-02	1
51	16	1.64059965255264e-03	3.23545738213991e-02	1
52	16	1.68129622592222e-03	3.25626057146816e-02	1
53	16	1.70786162484846e-03	3.41034689501679e-02	1
54	16	1.73680866211012e-03	3.45952087872835e-02	1
55	16	1.76785894667195e-03	3.48897936125304e-02	1
56	16	1.80349292760496e-03	3.40098536607795e-02	1
57	16	1.83552519611851e-03	3.34372507826724e-02	1
58	16	1.86581893080205e-03	3.80342325828990e-02	1
59	16	1.89900032806482e-03	3.28833966025440e-02	1
60	16	1.93132817643736e-03	3.72509015416275e-02	1
61	16	1.95963682276546e-03	3.94615562777909e-02	1
62	16	1.97536892913542e-03	3.86738912726176e-02	1
63	16	2.00942406139179e-03	3.87366352045728e-02	1
64	16	2.02968213119534e-03	3.91401987389660e-02	1
65	16	2.04984812933487e-03	4.12618285270264e-02	1
66	16	2.06949814713538e-03	3.71421386234183e-02	1
67	16	2.08262622643455e-03	4.03002887900181e-02	1
68	16	2.10424841558664e-03	4.42706578698955e-02	1
69	16	2.12139436014134e-03	4.53050737325259e-02	1
70	16	2.14258308011422e-03	4.50000859839610e-02	1
71	16	2.15082451989863e-03	4.52363211119235e-02	1
72	16	2.16838680582251e-03	4.37865640561581e-02	1
1	21	1.14160773601799e-03	2.27250440546182e-02	1
2	21	1.10418092017710e-03	2.13587459361436e-02	1
3	21	1.05084239913761e-03	2.10950565341833e-02	1
4	21	1.01228156241726e-03	2.05833004390055e-02	1
5	21	9.56330913963706e-04	1.88679316210893e-02	1
6	21	9.14932763997637e-04	1.70364835775252e-02	1
7	21	8.59817665084376e-04	1.76583853327281e-02	1
8	21	8.13379507135126e-04	1.52651129751161e-02	1
9	21	7.72647355216578e-04	1.62575973866292e-02	1
10	21	7.15084491689802e-04	1.48808878947138e-02	1
11	21	6.73034422196332e-04	1.47706209784699e-02	1
12	21	6.21547375475070e-04	1.14691126272028e-02	1
13	21	5.81724008853422e-04	1.16521282480979e-02	1
14	21	5.28195616998539e-04	1.06296831172057e-02	1
15	21	4.83008956995651e-04	9.52390113724855e-03	1
16	21	4.21690120862614e-04	8.15937876302460e-03	1
17	21	3.54660395268969e-04	7.26713927539511e-03	1
18	21	2.99668287764139e-04	5.94981526338195e-03	1
19	21	1.95802850061369e-04	3.81577117179310e-03	1
20	21	1.16149737966696e-04	2.07715471614155e-03	1
22	21	8.89155786402194e-05	1.63980128642952e-03	1
23	21	1.93531448630373e-04	3.41963463870410e-03	1
24	21	2.91525273814764e-04	5.62861632734615e-03	1
25	21	3.20396044384850e-04	6.38629059151842e-03	1
26	21	3.72026738733638e-04	7.16706427744633e-03	1
27	21	3.98121144141200e-04	8.25483530056654e-03	1
28	21	4.32309845735173e-04	8.31350321725195e-03	1
29	21	4.60627146437389e-04	9.73800265084444e-03	1
30	21	4.99449023588167e-04	9.48208216443926e-03	1
31	21	5.37552350515806e-04	1.03982748308952e-02	1
32	21	5.67885628241412e-04	1.13472414571454e-02	1
33	21	6.12517041616582e-04	1.15894336882740e-02	1
34	21	6.57567316890156e-04	1.28829418076989e-02	1
35	21	7.15401078028250e-04	1.52032660076407e-02	1
36	21	7.49871762299981e-04	1.58497105081723e-02	1
37	21	8.00659021596015e-04	1.58411017933323e-02	1
38	21	8.54927338816109e-04	1.77649683010144e-02	1
39	21	8.93053665754601e-04	1.93362279729902e-02	1
40	21	9.44686999931164e-04	1.87350160294126e-02	1
41	21	9.79119393299180e-04	1.78366983469473e-02	1
42	21	1.04002857360285e-03	2.00542670753674e-02	1
43	21	1.07937093963422e-03	2.25801722251212e-02	1
44	21	1.13866896308446e-03	2.34176318367735e-02	1
45	21	1.19064165614068e-03	2.32430018855035e-02	1
46	21	1.23583061809661e-03	2.33870364728067e-02	1
47	21	1.28893207530811e-03	2.56036953672153e-02	1
48	21	1.32929490300538e-03	2.67080676769106e-02	1
49	21	1.37895769149697e-03	2.80799082827768e-02	1
50	21	1.41334787769410e-03	2.79089990341120e-02	1
51	21	1.46973914830419e-03	2.69652570209869e-02	1
52	21	1.51420661831475e-03	2.96662486660854e-02	1
53	21	1.54077201724098e-03	3.01177324513487e-02	1
54	21	1.56971905450265e-03	3.07319286420277e-02	1
55	21	1.60076933906448e-03	3.11092155427632e-02	1
56	21	1.63650817125635e-03	3.28678739360862e-02	1
57	21	1.66854043976991e-03	3.53412584503758e-02	1
58	21	1.69883417445345e-03	3.21656271352813e-02	1
59	21	1.73201557171622e-03	3.16555874768201e-02	1
60	21	1.76472857999986e-03	3.49132564361668e-02	1
61	21	1.79478636602160e-03	3.55753338879440e-02	1
62	21	1.81051847239156e-03	3.75079285274233e-02	1
63	21	1.84457360464792e-03	3.67814449332097e-02	1
64	21	1.86483167445147e-03	3.66665963779102e-02	1
65	21	1.88499767259100e-03	3.99847310047636e-02	1
66	21	1.90464769039152e-03	3.38997746803450e-02	1
67	21	1.91777576969068e-03	3.78497007126305e-02	1
68	21	1.93939795884278e-03	4.01041992325411e-02	1
69	21	1.95654390339748e-03	4.10899282792659e-02	1
70	21	1.97773262337035e-03	4.06465325105359e-02	1
71	21	1.98597406315477e-03	4.17204263364586e-02	1
72	21	2.00353634907864e-03	4.36266152639441e-02	1
1	26	1.28829019115824e-03	2.42450863895952e-02	1
2	26	1.25086337531735e-03	2.64163668943177e-02	1
3	26	1.20173517507224e-03	2.43941564149198e-02	1
4	26	1.16864955854307e-03	2.17379185816488e-02	1
5	26	1.11601477647129e-03	2.25053913210560e-02	1
6	26	1.07487956534415e-03	2.19656352396093e-02	1
7	26	1.02311040996049e-03	1.97747808441552e-02	1
8	26	9.80250500157463e-04	1.89684256923784e-02	1
9	26	9.41498958591094e-04	1.91649772480298e-02	1
10	26	8.85009417558151e-04	1.78821231732709e-02	1
11	26	8.42959348064681e-04	1.64211528874076e-02	1
12	26	7.91472301343419e-04	1.28767699356119e-02	1
13	26	7.51648934721772e-04	1.45260647221829e-02	1
14	26	6.99852378625782e-04	1.45696335285415e-02	1
15	26	6.62112778701180e-04	1.25730373849484e-02	1
16	26	6.06214266856089e-04	1.15425590107885e-02	1
17	26	5.52474956081220e-04	1.12115231816480e-02	1
18	26	5.19978567883869e-04	1.03420220538689e-02	1
19	26	4.68560644474355e-04	9.25840661610809e-03	1
20	26	4.24832966248828e-04	8.30330484782793e-03	1
21	26	3.72026738733638e-04	7.39316302829497e-03	1
22	26	3.25551152292067e-04	6.33149114758785e-03	1
23	26	2.71836637709219e-04	5.01415404919743e-03	1
24	26	1.96778610798543e-04	3.77413163420930e-03	1
25	26	1.16788850844013e-04	2.17340705454081e-03	1
27	26	9.23010454900751e-05	1.64309331673018e-03	1
28	26	1.93062669124379e-04	3.46994552587986e-03	1
29	26	2.30031399037769e-04	4.85150301630520e-03	1
30	26	2.73873050307382e-04	5.03117325385228e-03	1
31	26	3.11976377235020e-04	5.97745126108256e-03	1
32	26	3.42309654960627e-04	6.68031817296358e-03	1
33	26	3.86941068335797e-04	7.94492213347970e-03	1
34	26	4.31991343609370e-04	9.14075323755398e-03	1
35	26	4.89825104747465e-04	9.82645206708795e-03	1
36	26	5.24295789019196e-04	1.10609172976900e-02	1
37	26	5.75083048315230e-04	1.04308075622527e-02	1
38	26	6.29351365535324e-04	1.23168059179571e-02	1
39	26	6.67477692473815e-04	1.29625046747139e-02	1
40	26	7.19111026650379e-04	1.35933321799304e-02	1
41	26	7.53543420018395e-04	1.47701297095712e-02	1
42	26	8.14452600322064e-04	1.58567964503761e-02	1
43	26	8.53794966353433e-04	1.68788862040253e-02	1
44	26	9.13092989803674e-04	1.83812554735123e-02	1
45	26	9.65065682859895e-04	1.97023784450000e-02	1
46	26	1.01025464481582e-03	1.89190395351245e-02	1
47	26	1.06335610202732e-03	2.12347211153368e-02	1
48	26	1.10371892972459e-03	2.13749589540350e-02	1
49	26	1.15338171821618e-03	2.34426619966812e-02	1
50	26	1.18777190441331e-03	2.57263901004695e-02	1
51	26	1.24416317502340e-03	2.50434705575631e-02	1
52	26	1.30508019898112e-03	2.52240477762774e-02	1
53	26	1.34386338834731e-03	2.85225469783865e-02	1
54	26	1.38465251068927e-03	2.62940972430342e-02	1
55	26	1.42755472433627e-03	2.67988102356048e-02	1
56	26	1.47547946887607e-03	2.89935944906115e-02	1
57	26	1.51268320248207e-03	2.78084153719898e-02	1
58	26	1.54365999339284e-03	3.04605209111508e-02	1
59	26	1.57684139065561e-03	3.02166323004987e-02	1
60	26	1.60955439893924e-03	3.52928809688640e-02	1
61	26	1.64245134240766e-03	3.15367736609337e-02	1
62	26	1.65818344877762e-03	3.40384892652799e-02	1
63	26	1.69383412545032e-03	3.31172368854227e-02	1
64	26	1.71409219525387e-03	3.42018928038144e-02	1
65	26	1.73425819339340e-03	3.29148004827591e-02	1
66	26	1.75390821119391e-03	3.32494567275313e-02	1
67	26	1.76703629049308e-03	3.54840045634756e-02	1
68	26	1.78865847964517e-03	3.32978743880292e-02	1
69	26	1.80580442419988e-03	3.77202576922970e-02	1
70	26	1.82699314417275e-03	3.44933898328437e-02	1
71	26	1.83523458395716e-03	3.69048236933837e-02	1
72	26	1.85279686988104e-03	3.94891911388345e-02	1
1	31	1.40896601793601e-03	2.76629115866418e-02	1
2	31	1.37747762441330e-03	2.84809233476083e-02	1
3	31	1.33382796458616e-03	2.61023907712864e-02	1
4	31	1.30601998253962e-03	2.40000012142841e-02	1
5	31	1.25413762300620e-03	2.70215700974574e-02	1
6	31	1.21450878367802e-03	2.01528709141592e-02	1
7	31	1.16776782074451e-03	2.35303475637379e-02	1
8	31	1.12490791094148e-03	2.18834876227594e-02	1
9	31	1.08755275912319e-03	2.20824741084133e-02	1
10	31	1.03345881171399e-03	2.19165280067046e-02	1
11	31	9.92452301769561e-04	1.99259869481353e-02	1
12	31	9.44611896006314e-04	1.68949807280455e-02	1
13	31	9.08751953070004e-04	1.84852330243523e-02	1
14	31	8.57757573534171e-04	1.67761312655832e-02	1
15	31	8.22873239095665e-04	1.55311256280617e-02	1
16	31	7.69461201149247e-04	1.63737956764857e-02	1
17	31	7.15721890374378e-04	1.59583539085035e-02	1
18	31	6.83225502177027e-04	1.48463359381465e-02	1
19	31	6.31807578767513e-04	1.23972811438040e-02	1
20	31	5.88079900541986e-04	1.18578539065172e-02	1
21	31	5.37552350515805e-04	1.08731841026775e-02	1
22	31	4.95362319544318e-04	9.68631247286676e-03	1
23	31	4.45436872336241e-04	8.94529429704200e-03	1
24	31	4.02463783470298e-04	7.70217335677122e-03	1
25	31	3.61258930947163e-04	6.60677128045325e-03	1
26	31	3.11976377235020e-04	5.76647994044418e-03	1
27	31	2.68210670777802e-04	4.92335769431927e-03	1
28	31	2.15094300637213e-04	4.01724960910480e-03	1
29	31	1.84032491287967e-04	3.60556406791096e-03	1
30	31	1.14334405522892e-04	2.07946552226556e-03	1
32	31	8.78518622315209e-05	1.55742835415350e-03	1
33	31	1.57726291803848e-04	2.99676159811248e-03	1
34	31	2.02776567077422e-04	3.84710308311280e-03	1
35	31	2.60610328215516e-04	4.93645875733422e-03	1
36	31	2.95081012487247e-04	5.45539913925063e-03	1
37	31	3.45868271783282e-04	6.36258419083419e-03	1
38	31	4.00136589003376e-04	7.22521654416845e-03	1
39	31	4.38262915941867e-04	8.49521747542831e-03	1
40	31	4.89896250118431e-04	9.69793706959601e-03	1
41	31	5.24328643486447e-04	1.02591903156815e-02	1
42	31	5.85237823790116e-04	1.17638209131601e-02	1
43	31	6.24580189821485e-04	1.22087297689650e-02	1
44	31	6.83878213271726e-04	1.34246246407174e-02	1
45	31	7.35850906327947e-04	1.51760279449387e-02	1
46	31	7.81039868283876e-04	1.65141670143898e-02	1
47	31	8.34141325495373e-04	1.68524894021219e-02	1
48	31	8.74504153192646e-04	1.71362440798427e-02	1
49	31	9.24166941684233e-04	1.80955429763208e-02	1
50	31	9.58557127881365e-04	1.91074996280425e-02	1
51	31	1.01494839849146e-03	2.05399000858706e-02	1
52	31	1.07586542244917e-03	2.10332804227360e-02	1
53	31	1.11464861181536e-03	2.25819076147464e-02	1
54	31	1.15543773415732e-03	2.24127143493613e-02	1
55	31	1.19833994780432e-03	2.39968849318832e-02	1
56	31	1.24626469234412e-03	2.62185114845002e-02	1
57	31	1.28621864257081e-03	2.62803583591721e-02	1
58	31	1.32829659212310e-03	2.58710661471173e-02	1
59	31	1.37341747255080e-03	2.79770982768155e-02	1
60	31	1.41621013108018e-03	2.70745514899493e-02	1
61	31	1.45561895136336e-03	2.82679921901630e-02	1
62	31	1.47135105773332e-03	2.77335566177827e-02	1
63	31	1.51140961739519e-03	2.94474100278946e-02	1
64	31	1.53188557152558e-03	2.98444069424716e-02	1
65	31	1.55205156966512e-03	3.07545019143404e-02	1
66	31	1.57170158746563e-03	3.13445152745847e-02	1
67	31	1.58482966676480e-03	2.87088751346080e-02	1
68	31	1.60707187713088e-03	3.30806607921824e-02	1
69	31	1.62421782168558e-03	3.15971859873076e-02	1
70	31	1.64540654165845e-03	3.05014428161581e-02	1
71	31	1.65364798144287e-03	3.41721123110992e-02	1
72	31	1.67162972497545e-03	3.53864546808943e-02	1
1	36	1.55778258381225e-03	3.23478843085838e-02	1
2	36	1.53009260190603e-03	2.95884440996763e-02	1
3	36	1.49464466030030e-03	3.07799970637347e-02	1
4	36	1.48010222048842e-03	2.94489943379230e-02	1
5	36	1.43551818619868e-03	2.46497221496239e-02	1
6	36	1.41309790800210e-03	2.95605031827534e-02	1
7	36	1.37433506169047e-03	2.69155679173653e-02	1
8	36	1.33345159290271e-03	2.79169220024869e-02	1
9	36	1.29609644108442e-03	2.58182772857795e-02	1
10	36	1.24200249367522e-03	2.35789586481469e-02	1
11	36	1.20099598373079e-03	2.26556564396511e-02	1
12	36	1.15398922542415e-03	2.30043734372802e-02	1
13	36	1.11812928248784e-03	2.13325261599365e-02	1
14	36	1.06713490295201e-03	2.26756417333335e-02	1
15	36	1.03253627501380e-03	1.81180345466778e-02	1
16	36	9.81019805651204e-04	1.89837096988599e-02	1
17	36	9.28041302158554e-04	1.94722600201254e-02	1
18	36	8.95544913961203e-04	1.76684751715978e-02	1
19	36	8.44126990551689e-04	1.56478731227431e-02	1
20	36	8.00399312326161e-04	1.78941668390507e-02	1
21	36	7.49871762299981e-04	1.46603712843973e-02	1
22	36	7.07681731328494e-04	1.40130915399565e-02	1
23	36	6.57756284120417e-04	1.33718987487845e-02	1
24	36	6.14783195254474e-04	1.26126788675946e-02	1
25	36	5.73578342731339e-04	1.12453733709819e-02	1
26	36	5.24295789019196e-04	1.01588850707204e-02	1
27	36	4.80530082561978e-04	8.73279913007553e-03	1
28	36	4.27413712421389e-04	8.09938587016400e-03	1
29	36	3.98546876903612e-04	8.79901184700511e-03	1
30	36	3.45973722442827e-04	7.08661758312226e-03	1
31	36	2.95081012487247e-04	6.23552206587725e-03	1
32	36	2.59362688991857e-04	4.99070691447972e-03	1
33	36	2.07291448824992e-04	4.13055747999757e-03	1
34	36	1.68744514653660e-04	3.30967646506176e-03	1
35	36	9.19393570748766e-05	1.54754697462025e-03	1
37	36	1.22619331888965e-04	2.33108249109643e-03	1
38	36	2.02498854839168e-04	3.70498999986716e-03	1
39	36	2.41510729042529e-04	4.22468319790860e-03	1
40	36	2.93144063219092e-04	5.95651507423591e-03	1
41	36	3.27576456587109e-04	6.14809892937875e-03	1
42	36	3.88485636890777e-04	7.92432969809706e-03	1
43	36	4.27828002922147e-04	7.94411490369814e-03	1
44	36	4.87126026372387e-04	1.00827342974685e-02	1
45	36	5.39098719428608e-04	1.06671609858286e-02	1
46	36	5.84287681384537e-04	1.07972733228845e-02	1
47	36	6.38172389369241e-04	1.27900611786784e-02	1
48	36	6.79153694047516e-04	1.30708290068969e-02	1
49	36	7.33063560035201e-04	1.48312571308045e-02	1
50	36	7.69638548071071e-04	1.47250947854126e-02	1
51	36	8.26029818681162e-04	1.69867685134573e-02	1
52	36	8.87299783063701e-04	1.68669052664065e-02	1
53	36	9.27265011911582e-04	2.01980646906525e-02	1
54	36	9.68521887615446e-04	1.79726915814571e-02	1
55	36	1.01412500976165e-03	2.19779212551223e-02	1
56	36	1.06342458743251e-03	2.19074431136043e-02	1
57	36	1.10337853765920e-03	2.34504465822906e-02	1
58	36	1.14810708053041e-03	2.18221977400874e-02	1
59	36	1.19573427970381e-03	2.37000348055679e-02	1
60	36	1.23874283723590e-03	2.42817153731769e-02	1
61	36	1.28734066152793e-03	2.66437414631367e-02	1
62	36	1.31322789199132e-03	2.58474165247802e-02	1
63	36	1.36123734280406e-03	2.58460644231459e-02	1
64	36	1.40187768696435e-03	2.83474838196059e-02	1
65	36	1.43283435675632e-03	2.84941586512467e-02	1
66	36	1.46817322130994e-03	2.86690405841261e-02	1
67	36	1.49135215589156e-03	2.68358880583870e-02	1
68	36	1.52715811520592e-03	2.79616707226425e-02	1
69	36	1.55159514993878e-03	3.31147046262691e-02	1
70	36	1.57681632050764e-03	3.05530522382218e-02	1
71	36	1.58505776029206e-03	3.37381784210693e-02	1
72	36	1.60303950382464e-03	3.19226093667700e-02	1
1	41	1.73019675845191e-03	3.30897248522457e-02	1
2	41	1.70250677654569e-03	3.23027429790190e-02	1
3	41	1.66705883493996e-03	3.48386173582345e-02	1
4	41	1.65251639512808e-03	3.11647336640119e-02	1
5	41	1.60793236083834e-03	3.29507099256834e-02	1
6	41	1.58551208264176e-03	3.23809561212476e-02	1
7	41	1.56147988647605e-03	3.36114596294349e-02	1
8	41	1.52929413648850e-03	3.11584389193636e-02	1
9	41	1.50466590485381e-03	3.03513523763060e-02	1
10	41	1.46637575339955e-03	2.70204701941720e-02	1
11	41	1.43024361472999e-03	2.59452254594003e-02	1
12	41	1.38323685642335e-03	2.68263390702743e-02	1
13	41	1.34737691348704e-03	2.58371523756187e-02	1
14	41	1.29638253395121e-03	2.67833406957086e-02	1
15	41	1.26178390601299e-03	2.34338538825891e-02	1
16	41	1.21026743665040e-03	2.38971468697403e-02	1
17	41	1.15728893315775e-03	2.33658011685186e-02	1
18	41	1.12479254496040e-03	1.98973820302454e-02	1
19	41	1.07337462155089e-03	2.26466455584937e-02	1
20	41	1.02964694332536e-03	2.02313320863043e-02	1
21	41	9.79119393299181e-04	1.91390230493791e-02	1
22	41	9.36929362327693e-04	1.95637784003990e-02	1
23	41	8.87003915119616e-04	1.66152795516547e-02	1
24	41	8.44030826253674e-04	1.62379716645697e-02	1
25	41	8.02825973730539e-04	1.45947895946941e-02	1
26	41	7.53543420018396e-04	1.47690080063854e-02	1
27	41	7.09777713561177e-04	1.44662348334039e-02	1
28	41	6.56661343420588e-04	1.29293621392585e-02	1
29	41	6.27794507902812e-04	1.15285934039389e-02	1
30	41	5.75221353442027e-04	1.16891346267148e-02	1
31	41	5.24328643486447e-04	9.71137434605823e-03	1
32	41	4.88610319991057e-04	9.79238604327360e-03	1
33	41	4.36539079824192e-04	9.03147913067168e-03	1
34	41	3.99256893220211e-04	7.79605554794374e-03	1
35	41	3.61569733331556e-04	7.10448985070801e-03	1
36	41	3.27576456587109e-04	5.94296660419587e-03	1
37	41	2.84369308499966e-04	5.35044823883971e-03	1
38	41	2.34728351623182e-04	4.03069795316532e-03	1
39	41	1.94542408850619e-04	3.56017342742661e-03	1
40	41	9.18731391381019e-05	1.50860462371875e-03	1
42	41	1.24479780197997e-04	2.37576385061485e-03	1
43	41	2.08850443250510e-04	4.06360921415417e-03	1
44	41	2.84691514593940e-04	5.75870273041633e-03	1
45	41	3.46419193946000e-04	7.35644760693219e-03	1
46	41	3.93504072107840e-04	7.66134940248306e-03	1
47	41	4.51358164356787e-04	8.54432378150610e-03	1
48	41	4.92339469035062e-04	9.43765982310031e-03	1
49	41	5.46249335022747e-04	1.08514170762442e-02	1
50	41	5.83930304662636e-04	1.14678520017766e-02	1
51	41	6.41783620722449e-04	1.24007174566014e-02	1
52	41	7.07447580204632e-04	1.41984676574136e-02	1
53	41	7.48648346852208e-04	1.51416135109694e-02	1
54	41	7.93192686948497e-04	1.51165929178618e-02	1
55	41	8.40446748351606e-04	1.62680476004265e-02	1
56	41	8.96980818104567e-04	1.73295244616102e-02	1
57	41	9.37888748045316e-04	1.88069004864417e-02	1
58	41	9.85142286994906e-04	2.04351574971434e-02	1
59	41	1.03444008249659e-03	2.17711428257927e-02	1
60	41	1.07803743826448e-03	1.93896161511128e-02	1
61	41	1.12693335919639e-03	2.35933043533443e-02	1
62	41	1.15543635995037e-03	2.16612701267726e-02	1
63	41	1.20598120072860e-03	2.28993562836130e-02	1
64	41	1.24819713190998e-03	2.47333244568203e-02	1
65	41	1.28420182097899e-03	2.68076588092109e-02	1
66	41	1.32335567059792e-03	2.92374521613568e-02	1
67	41	1.34847549225015e-03	2.60454854037893e-02	1
68	41	1.38822022879175e-03	2.75672634388383e-02	1
69	41	1.41426507952084e-03	3.02242496586939e-02	1
70	41	1.44440731016127e-03	3.14551908329574e-02	1
71	41	1.46605616063002e-03	2.95383875861825e-02	1
72	41	1.50240585798593e-03	3.08967989420616e-02	1
1	46	1.92474642309774e-03	3.58144923007045e-02	1
2	46	1.89715458270376e-03	3.76921492679608e-02	1
3	46	1.86170664109804e-03	3.65303863824445e-02	1
4	46	1.84716420128616e-03	3.62783468149059e-02	1
5	46	1.80258016699641e-03	3.39811914396114e-02	1
6	46	1.78015988879983e-03	3.58058524783314e-02	1
7	46	1.75612769263413e-03	3.60815194891896e-02	1
8	46	1.72419853763096e-03	3.46747611644313e-02	1
9	46	1.70161448421955e-03	3.57594171871200e-02	1
10	46	1.66391487794687e-03	3.37764641108679e-02	1
11	46	1.63320730639917e-03	3.36095278596365e-02	1
12	46	1.60594736939756e-03	3.35260805047345e-02	1
13	46	1.57724424817977e-03	3.16951551828586e-02	1
14	46	1.54208556842944e-03	3.13782581883098e-02	1
15	46	1.51422873802464e-03	2.90745161442701e-02	1
16	46	1.46697866144783e-03	2.85665110464939e-02	1
17	46	1.41400015795518e-03	3.12464343035888e-02	1
18	46	1.38150376975783e-03	2.38183637404685e-02	1
19	46	1.33008584634831e-03	2.63148247537031e-02	1
20	46	1.28635816812279e-03	2.57953243716272e-02	1
21	46	1.23583061809661e-03	2.60473220326457e-02	1
22	46	1.19364058712512e-03	2.43527625699874e-02	1
23	46	1.14371513991704e-03	2.05247054418814e-02	1
24	46	1.10074205105110e-03	2.21807747633302e-02	1
25	46	1.05953719852797e-03	2.07667410937552e-02	1
26	46	1.01025464481582e-03	1.98127516144721e-02	1
27	46	9.66488938358605e-04	1.92394052077386e-02	1
28	46	9.13372568218016e-04	1.82635003780441e-02	1
29	46	8.84505732700240e-04	1.82121624722587e-02	1
30	46	8.31932578239455e-04	1.65692070131930e-02	1
31	46	7.81039868283875e-04	1.61080846242637e-02	1
32	46	7.45321544788485e-04	1.42913253190907e-02	1
33	46	6.93250304621620e-04	1.37768140647784e-02	1
34	46	6.55968118017639e-04	1.38686344164670e-02	1
35	46	6.18280958128984e-04	1.24739074638491e-02	1
36	46	5.84287681384537e-04	1.17986220644343e-02	1
37	46	5.41080533297395e-04	1.11210300075913e-02	1
38	46	4.99951410326901e-04	8.68555513472449e-03	1
39	46	4.67234954460327e-04	9.02040465877980e-03	1
40	46	4.33576429034963e-04	7.43958260674862e-03	1
41	46	3.93504072107840e-04	8.05421016652987e-03	1
42	46	3.44185441042637e-04	7.23172685072119e-03	1
43	46	3.01217230040116e-04	6.35243102580765e-03	1
44	46	2.10828246795059e-04	3.61480078845550e-03	1
45	46	9.45343913154612e-05	1.78953978493311e-03	1
47	46	1.22171229338160e-04	2.19541587774782e-03	1
48	46	2.06785388510592e-04	4.37217553610228e-03	1
49	46	3.16288611374951e-04	5.56201497239910e-03	1
50	46	3.71821738096628e-04	7.10752096305908e-03	1
51	46	4.42480481911262e-04	9.25844222661736e-03	1
52	46	5.20725824019871e-04	9.97812262906393e-03	1
53	46	5.64196028141534e-04	1.07468456014578e-02	1
54	46	6.08740368237823e-04	1.18726596153475e-02	1
55	46	6.55994429640932e-04	1.29789689880285e-02	1
56	46	7.14367220337174e-04	1.38443297439506e-02	1
57	46	7.55275150277922e-04	1.46114296747211e-02	1
58	46	8.06831126373782e-04	1.64864451263224e-02	1
59	46	8.59910322249772e-04	1.54889422891178e-02	1
60	46	9.06795513373340e-04	1.80045737156755e-02	1
61	46	9.61116469249925e-04	1.88539712122870e-02	1
62	46	9.90410932363374e-04	2.13804804870914e-02	1
63	46	1.04331552704634e-03	2.00471781650529e-02	1
64	46	1.08553145822771e-03	2.02771609599747e-02	1
65	46	1.12927367848380e-03	2.26656551779570e-02	1
66	46	1.16982657676194e-03	2.31782993944191e-02	1
67	46	1.20121927240683e-03	2.48120764521039e-02	1
68	46	1.24299829149560e-03	2.33356061161431e-02	1
69	46	1.27147478765748e-03	2.38937496663577e-02	1
70	46	1.30248920276981e-03	2.74678799353491e-02	1
71	46	1.32569717584325e-03	2.45692641375839e-02	1
72	46	1.36218795221281e-03	2.61025188227711e-02	1
1	51	2.07513227771031e-03	3.81270339285253e-02	1
2	51	2.04754043731634e-03	4.01815741734367e-02	1
3	51	2.01209249571061e-03	4.07632073425748e-02	1
4	51	1.99755005589873e-03	4.30091810388064e-02	1
5	51	1.95296602160899e-03	3.80313926328093e-02	1
6	51	1.93054574341240e-03	3.31324569350748e-02	1
7	51	1.90651354724670e-03	3.73355717399032e-02	1
8	51	1.87458439224353e-03	3.69504603587325e-02	1
9	51	1.85200033883212e-03	3.54970513361702e-02	1
10	51	1.81546306830844e-03	3.80471826947278e-02	1
11	51	1.78669689622944e-03	3.76711615178110e-02	1
12	51	1.76260118602005e-03	3.48566883604607e-02	1
13	51	1.73621817305888e-03	3.55755287309859e-02	1
14	51	1.70149540114416e-03	3.47252083575148e-02	1
15	51	1.67677774369460e-03	3.13387443687935e-02	1
16	51	1.64059965255265e-03	3.06149323271801e-02	1
17	51	1.60045029849534e-03	3.54364443685972e-02	1
18	51	1.57862223898706e-03	3.02844098233195e-02	1
19	51	1.53799031072396e-03	2.81393527595585e-02	1
20	51	1.50908228035030e-03	2.84591956302625e-02	1
21	51	1.46973914830419e-03	2.96406577958280e-02	1
22	51	1.42754911733270e-03	3.03685843876083e-02	1
23	51	1.37762367012462e-03	2.84923869865564e-02	1
24	51	1.33465058125868e-03	2.75327216078342e-02	1
25	51	1.29344572873555e-03	2.52400922904782e-02	1
26	51	1.24416317502340e-03	2.63554572361106e-02	1
27	51	1.20039746856619e-03	2.39080870826522e-02	1
28	51	1.14728109842560e-03	2.08806870262062e-02	1
29	51	1.11841426290782e-03	2.27605753417945e-02	1
30	51	1.06584110844704e-03	2.13599470281522e-02	1
31	51	1.01494839849146e-03	1.91386853826421e-02	1
32	51	9.79230074996066e-04	1.85097260923599e-02	1
33	51	9.27435167346763e-04	1.88758075978295e-02	1
34	51	8.94064699578161e-04	1.63432360286255e-02	1
35	51	8.57783082521223e-04	1.70428540097408e-02	1
36	51	8.26029818681162e-04	1.65611101840315e-02	1
37	51	7.85390697647760e-04	1.50674382144045e-02	1
38	51	7.44261574677267e-04	1.44428739904341e-02	1
39	51	7.11545118810693e-04	1.31627373021904e-02	1
40	51	6.77886593385329e-04	1.26378301375796e-02	1
41	51	6.41783620722449e-04	1.17571653931472e-02	1
42	51	6.04676976621319e-04	1.24574582813403e-02	1
43	51	5.67845401989993e-04	1.22337481105392e-02	1
44	51	5.23150097519818e-04	1.13854057670409e-02	1
45	51	4.77956004718073e-04	9.22826322779689e-03	1
46	51	4.42480481911262e-04	8.54647149442477e-03	1
47	51	3.82616103975240e-04	7.45901325545724e-03	1
48	51	3.14566468498009e-04	6.00223468406734e-03	1
49	51	2.04158219541221e-04	3.83235319527269e-03	1
50	51	1.23319206931864e-04	2.31281523907817e-03	1
52	51	1.20787482614168e-04	1.88420926836423e-03	1
53	51	2.03674438082575e-04	3.82400543757810e-03	1
54	51	3.10699601785051e-04	6.37486893966705e-03	1
55	51	3.87407648680847e-04	7.33997913725271e-03	1
56	51	4.88158499055880e-04	1.02637306068556e-02	1
57	51	5.49513418757485e-04	1.07582449225063e-02	1
58	51	6.22131508476199e-04	1.22568104222664e-02	1
59	51	6.85230296751893e-04	1.38130199474177e-02	1
60	51	7.38515913935592e-04	1.36710126441541e-02	1
61	51	7.93826362951078e-04	1.47984812497274e-02	1
62	51	8.24195248531928e-04	1.60729407466925e-02	1
63	51	8.79049471573270e-04	1.89183506403755e-02	1
64	51	9.21265402754648e-04	1.84363569554625e-02	1
65	51	9.70967509176943e-04	1.93274133977413e-02	1
66	51	1.01263852516462e-03	2.11429203710453e-02	1
67	51	1.04509992934833e-03	1.98727696293092e-02	1
68	51	1.08728127295066e-03	2.14308480043125e-02	1
69	51	1.11933253736302e-03	2.11849403589499e-02	1
70	51	1.15079451320312e-03	2.29591857897124e-02	1
71	51	1.18070754145906e-03	2.30764776019985e-02	1
72	51	1.22162356310637e-03	2.40020130635175e-02	1
1	56	2.23800934078630e-03	4.89299368941704e-02	1
2	56	2.21041750039232e-03	4.46180851561929e-02	1
3	56	2.17496955878660e-03	4.23752503891962e-02	1
4	56	2.16042711897472e-03	4.15890632570707e-02	1
5	56	2.11584308468497e-03	4.09283714058590e-02	1
6	56	2.09342280648839e-03	4.54689528347727e-02	1
7	56	2.06939061032268e-03	3.93206177184350e-02	1
8	56	2.03746145531951e-03	3.78952879543196e-02	1
9	56	2.01487740190811e-03	4.10276488398701e-02	1
10	56	1.97834013138442e-03	3.91671745077558e-02	1
11	56	1.94957395930543e-03	3.82325635524181e-02	1
12	56	1.92547824909603e-03	3.93399528633558e-02	1
13	56	1.89909523613486e-03	3.85578427606354e-02	1
14	56	1.86437246422015e-03	3.82081413914330e-02	1
15	56	1.83965480677058e-03	3.47547921286434e-02	1
16	56	1.80349292760496e-03	3.32382243360908e-02	1
17	56	1.76527975012113e-03	3.07785730676467e-02	1
18	56	1.74435455205977e-03	3.42719802679461e-02	1
19	56	1.70372262379666e-03	3.12910372002054e-02	1
20	56	1.67481459342300e-03	3.28939453654830e-02	1
21	56	1.63650817125635e-03	3.39149482911129e-02	1
22	56	1.60918782115202e-03	2.88885420484439e-02	1
23	56	1.57230186668065e-03	3.18772939675143e-02	1
24	56	1.54281677738241e-03	3.09230589986718e-02	1
25	56	1.51572243414182e-03	3.22867034732635e-02	1
26	56	1.47547946887607e-03	2.81669740723916e-02	1
27	56	1.43171376241885e-03	2.74793120611986e-02	1
28	56	1.37859739227826e-03	2.68340455852474e-02	1
29	56	1.34973055676048e-03	2.49983523721114e-02	1
30	56	1.29715740229970e-03	2.62337053447661e-02	1
31	56	1.24626469234412e-03	2.30893861004048e-02	1
32	56	1.21054636884873e-03	2.38481465639047e-02	1
33	56	1.15904781242336e-03	2.22136446709204e-02	1
34	56	1.12924846284121e-03	2.40878285650106e-02	1
35	56	1.09459862026657e-03	2.32378219848746e-02	1
36	56	1.06342458743251e-03	2.06439909470349e-02	1
37	56	1.02677503073034e-03	2.08818826784900e-02	1
38	56	9.94833259138723e-04	2.00510264656368e-02	1
39	56	9.63381202088729e-04	2.11963251467173e-02	1
40	56	9.31207597194611e-04	1.81141009860151e-02	1
41	56	8.96980818104567e-04	1.83194184663832e-02	1
42	56	8.61117202568589e-04	1.66842225083111e-02	1
43	56	8.24881320315392e-04	1.71393945661276e-02	1
44	56	7.80186015845217e-04	1.50999795900557e-02	1
45	56	7.38601128487179e-04	1.42514682216688e-02	1
46	56	7.14367220337174e-04	1.44760080242281e-02	1
47	56	6.78314759989163e-04	1.37163607203017e-02	1
48	56	6.51317552777018e-04	1.26250522487553e-02	1
49	56	6.04394973678791e-04	1.23732222175893e-02	1
50	56	5.55642199919915e-04	1.08667032586311e-02	1
51	56	4.88158499055879e-04	1.07212499460203e-02	1
52	56	3.88252559075298e-04	7.44414029424514e-03	1
53	56	3.05365603606891e-04	5.98955497705908e-03	1
54	56	1.98340439904414e-04	4.16148847537711e-03	1
55	56	1.17107714925133e-04	2.15705269674416e-03	1
57	56	8.91169744800666e-05	1.50460737474044e-03	1
58	56	1.97232116794386e-04	3.42688086016776e-03	1
59	56	3.02603955286805e-04	5.64280704306717e-03	1
60	56	3.86910557894173e-04	7.71835919935224e-03	1
61	56	4.90673823223922e-04	9.00949706277586e-03	1
62	56	5.69281465972159e-04	1.13523051708781e-02	1
63	56	6.74774232858072e-04	1.33948915169543e-02	1
64	56	7.31374957536732e-04	1.45537995697881e-02	1
65	56	7.93555542635471e-04	1.47463978193035e-02	1
66	56	8.50370587315117e-04	1.82520261754320e-02	1
67	56	8.90394795407698e-04	1.72311780078086e-02	1
68	56	9.35619219503804e-04	1.92858677780914e-02	1
69	56	9.67670483916165e-04	2.02753165377914e-02	1
70	56	9.99132459756264e-04	2.02534231499986e-02	1
71	56	1.03013333303620e-03	2.26768116000649e-02	1
72	56	1.07370282366083e-03	2.20896678020720e-02	1
1	61	2.38906297927102e-03	5.11580675103080e-02	1
2	61	2.36226032287802e-03	4.66324451558549e-02	1
3	61	2.32681238127229e-03	5.00364712652613e-02	1
4	61	2.31226994146041e-03	4.68310153899083e-02	1
5	61	2.26768590717067e-03	4.34027847375481e-02	1
6	61	2.24526562897409e-03	4.20189572904930e-02	1
7	61	2.22123343280839e-03	4.33688136295739e-02	1
8	61	2.18930427780522e-03	4.22836170814018e-02	1
9	61	2.16672022439381e-03	4.20767308214584e-02	1
10	61	2.13018295387012e-03	4.34765946899889e-02	1
11	61	2.10141678179113e-03	4.35154133590503e-02	1
12	61	2.07777192652658e-03	4.24203433073582e-02	1
13	61	2.05184632290824e-03	4.08919145562262e-02	1
14	61	2.01712355099352e-03	4.13714207262930e-02	1
15	61	1.99351044447186e-03	4.12773311594038e-02	1
16	61	1.95963682276546e-03	3.88846997971618e-02	1
17	61	1.92222911158845e-03	3.61804078893790e-02	1
18	61	1.90237119644402e-03	3.60272025026956e-02	1
19	61	1.86200081856191e-03	3.55901550150606e-02	1
20	61	1.83309278818825e-03	3.39191131887654e-02	1
21	61	1.79478636602160e-03	3.62542984657437e-02	1
22	61	1.76746601591727e-03	3.27666171685921e-02	1
23	61	1.73063616595529e-03	3.61797608200472e-02	1
24	61	1.70461718582156e-03	3.18904908723053e-02	1
25	61	1.67752284258097e-03	3.56320923888372e-02	1
26	61	1.64245134240766e-03	3.31665788806714e-02	1
27	61	1.61109799623891e-03	3.31656444459177e-02	1
28	61	1.57203337457930e-03	3.11032742891547e-02	1
29	61	1.54594060002223e-03	2.93437338659872e-02	1
30	61	1.50014625946468e-03	2.81201784688446e-02	1
31	61	1.45561895136336e-03	2.94927848492136e-02	1
32	61	1.42561702363391e-03	2.60371813197362e-02	1
33	61	1.37595138510814e-03	2.89517256281551e-02	1
34	61	1.34615203552599e-03	2.62435512956263e-02	1
35	61	1.31467177053331e-03	2.43991639962678e-02	1
36	61	1.28734066152793e-03	2.68392141637744e-02	1
37	61	1.25069110482576e-03	2.48659312489513e-02	1
38	61	1.22017564825634e-03	2.19605399025532e-02	1
39	61	1.19109886854651e-03	2.46772305709760e-02	1
40	61	1.15969795322942e-03	2.42352668484629e-02	1
41	61	1.12693335919639e-03	2.28424005851246e-02	1
42	61	1.09500774348732e-03	2.21230970997075e-02	1
43	61	1.06319533176262e-03	2.03177412918836e-02	1
44	61	1.02443937969038e-03	1.94579516091268e-02	1
45	61	9.84921986397443e-04	2.09983644203064e-02	1
46	61	9.61116469249925e-04	1.88381129578788e-02	1
47	61	9.26053502040815e-04	1.69739926031528e-02	1
48	61	8.99056294828669e-04	1.65133630442604e-02	1
49	61	8.58798433375739e-04	1.72689977479522e-02	1
50	61	8.24459311118224e-04	1.58069969773775e-02	1
51	61	7.93826362951077e-04	1.54609179688879e-02	1
52	61	7.49591460389920e-04	1.46915882668009e-02	1
53	61	7.13311018105221e-04	1.40698888994045e-02	1
54	61	6.61854521789620e-04	1.24023307230081e-02	1
55	61	5.97781538149056e-04	1.10052804081529e-02	1
56	61	4.90673823223922e-04	9.68500452645595e-03	1
57	61	4.11556848743856e-04	7.75705366873410e-03	1
58	61	3.03441706429536e-04	6.04639889544241e-03	1
59	61	1.98069867937118e-04	3.99242187134358e-03	1
60	61	1.13763265329749e-04	2.05065466663225e-03	1
62	61	8.86076427482366e-05	1.49339800801041e-03	1
63	61	1.94100409634150e-04	3.41474486715267e-03	1
64	61	2.72258709329983e-04	5.21087077271348e-03	1
65	61	3.75108907488919e-04	6.49371500118286e-03	1
66	61	4.78502309132590e-04	9.01047515997390e-03	1
67	61	5.57046983586426e-04	1.01939057318047e-02	1
68	61	6.61050369347459e-04	1.25253967674147e-02	1
69	61	7.41158239850218e-04	1.44766555354144e-02	1
70	61	8.07380063669128e-04	1.57697989843040e-02	1
71	61	8.50282868877438e-04	1.68153835509506e-02	1
72	61	8.99181604116758e-04	1.71167184588049e-02	1
1	66	2.49675412030817e-03	5.49488978567001e-02	1
2	66	2.47019122435343e-03	4.95765306106434e-02	1
3	66	2.43474328274770e-03	4.93201450164425e-02	1
4	66	2.42020084293582e-03	4.70820114066930e-02	1
5	66	2.37649024063755e-03	4.80045185933685e-02	1
6	66	2.35406996244097e-03	4.66445960177215e-02	1
7	66	2.33049772530559e-03	4.74930981631841e-02	1
8	66	2.29856857030242e-03	4.80883442901259e-02	1
9	66	2.27658154876373e-03	4.58849437865640e-02	1
10	66	2.24004427824004e-03	4.34273742453300e-02	1
11	66	2.21127810616105e-03	4.27512991961225e-02	1
12	66	2.18763325089649e-03	4.63840963419793e-02	1
13	66	2.16170764727815e-03	4.25254440204295e-02	1
14	66	2.12698487536344e-03	4.71836049965325e-02	1
15	66	2.10337176884178e-03	4.20916831734969e-02	1
16	66	2.06949814713538e-03	4.01652486629832e-02	1
17	66	2.03209043595837e-03	4.46504524006128e-02	1
18	66	2.01223252081394e-03	4.36886952367256e-02	1
19	66	1.97186214293183e-03	3.62133837278573e-02	1
20	66	1.94295411255817e-03	3.69625145710925e-02	1
21	66	1.90464769039152e-03	3.86869101079217e-02	1
22	66	1.87732734028718e-03	3.73555012296612e-02	1
23	66	1.84049749032520e-03	3.65258383215218e-02	1
24	66	1.81506914419849e-03	3.47006404718179e-02	1
25	66	1.78897971136722e-03	3.31131249102730e-02	1
26	66	1.75390821119391e-03	3.66113397155923e-02	1
27	66	1.72333740160735e-03	3.43200151663618e-02	1
28	66	1.68608699331842e-03	3.34744085313070e-02	1
29	66	1.66202323612450e-03	3.29466543435756e-02	1
30	66	1.61622889556695e-03	3.40230929849151e-02	1
31	66	1.57170158746563e-03	2.90394956691768e-02	1
32	66	1.54554916416979e-03	2.99140574703545e-02	1
33	66	1.51307883455320e-03	3.11552688277891e-02	1
34	66	1.50627038287059e-03	3.15461864064575e-02	1
35	66	1.49275057414586e-03	2.95977824258846e-02	1
36	66	1.46817322130994e-03	2.93842879617935e-02	1
37	66	1.43706449393375e-03	2.97494809804529e-02	1
38	66	1.40660015389971e-03	3.02897452172733e-02	1
39	66	1.37911938822103e-03	2.55049182451108e-02	1
40	66	1.35205833397624e-03	2.54624779534190e-02	1
41	66	1.32335567059792e-03	2.69826050953534e-02	1
42	66	1.29191340103865e-03	2.61169543437092e-02	1
43	66	1.26466057198504e-03	2.55532662025491e-02	1
44	66	1.22945288558677e-03	2.34138999200497e-02	1
45	66	1.19140712787418e-03	2.46968850904636e-02	1
46	66	1.16982657676194e-03	2.36074227002026e-02	1
47	66	1.13653308354634e-03	2.22772290504410e-02	1
48	66	1.11259682545677e-03	2.22048421198782e-02	1
49	66	1.07565718473021e-03	2.18257392726233e-02	1
50	66	1.04327147333176e-03	2.05709434445583e-02	1
51	66	1.01263852516462e-03	1.98165386322462e-02	1
52	66	9.77280159755049e-04	1.93995410218596e-02	1
53	66	9.52480848466170e-04	1.84131320046363e-02	1
54	66	9.14954490766530e-04	1.88610896413307e-02	1
55	66	8.94664165883497e-04	1.83202900413953e-02	1
56	66	8.50370587315117e-04	1.53144396529672e-02	1
57	66	8.15959575272514e-04	1.52223991310587e-02	1
58	66	7.66976104104713e-04	1.60145834970834e-02	1
59	66	6.66572177069708e-04	1.35433901888487e-02	1
60	66	5.82265574462339e-04	1.08650519169960e-02	1
61	66	4.78502309132590e-04	9.65492093432596e-03	1
62	66	3.99894666384354e-04	7.94039427887294e-03	1
63	66	2.94401899498441e-04	6.01895967658221e-03	1
64	66	2.16243599802608e-04	4.12126795913676e-03	1
65	66	1.13393401643672e-04	2.05317639388480e-03	1
67	66	8.85446744538357e-05	1.70218348297352e-03	1
68	66	1.92548060214869e-04	3.70483674616714e-03	1
69	66	2.72655930717628e-04	5.63137379927120e-03	1
70	66	3.75557675409941e-04	7.27230649436912e-03	1
71	66	4.51775211036670e-04	8.27201576991161e-03	1
72	66	5.53956876799060e-04	1.09719092470394e-02	1
1	71	2.57329457473914e-03	5.31848181387043e-02	1
2	71	2.54807700189358e-03	5.13396668674286e-02	1
3	71	2.51362440534195e-03	4.55166414503921e-02	1
4	71	2.49908196553007e-03	4.96587485265996e-02	1
5	71	2.45558844187535e-03	4.74069602235235e-02	1
6	71	2.43316816367877e-03	4.13373037774960e-02	1
7	71	2.41014694247396e-03	5.12938137798804e-02	1
8	71	2.37836758171660e-03	5.12047046464308e-02	1
9	71	2.35648681463074e-03	4.22027745097278e-02	1
10	71	2.31994954410705e-03	4.53017133144709e-02	1
11	71	2.29118337202806e-03	4.51859648473347e-02	1
12	71	2.26843117948218e-03	4.47890991614087e-02	1
13	71	2.24279940513027e-03	4.20319705755149e-02	1
14	71	2.20807663321555e-03	4.01186785655978e-02	1
15	71	2.18469814160503e-03	4.63177318635875e-02	1
16	71	2.15082451989864e-03	4.15470113211698e-02	1
17	71	2.11341680872163e-03	4.31023023010012e-02	1
18	71	2.09355889357719e-03	3.95144415911276e-02	1
19	71	2.05318851569508e-03	4.71311694966387e-02	1
20	71	2.02428048532142e-03	3.89186689276519e-02	1
21	71	1.98597406315477e-03	4.00061250765614e-02	1
22	71	1.95865371305044e-03	4.09713430993801e-02	1
23	71	1.92182386308846e-03	4.07279711889779e-02	1
24	71	1.89639551696175e-03	3.56218844167627e-02	1
25	71	1.87030608413047e-03	3.63633952947871e-02	1
26	71	1.83523458395717e-03	3.82167962712793e-02	1
27	71	1.80466377437060e-03	3.47408568884627e-02	1
28	71	1.76793793507189e-03	3.85181926815187e-02	1
29	71	1.74396963010175e-03	3.34711700159350e-02	1
30	71	1.69817528954419e-03	3.50695817971606e-02	1
31	71	1.65364798144287e-03	3.58166201501767e-02	1
32	71	1.62749555814703e-03	3.30695436826302e-02	1
33	71	1.59502522853044e-03	3.19539120628735e-02	1
34	71	1.58821677684784e-03	3.13748516259881e-02	1
35	71	1.58680139762863e-03	3.43610609149314e-02	1
36	71	1.58505776029206e-03	3.22020422082253e-02	1
37	71	1.56806899254967e-03	3.19266165507818e-02	1
38	71	1.54225296891624e-03	3.06006696233158e-02	1
39	71	1.51842431239035e-03	2.91014689594271e-02	1
40	71	1.49372395959745e-03	2.83167118221378e-02	1
41	71	1.46605616063002e-03	2.85028483932116e-02	1
42	71	1.44013629120856e-03	2.81193928733659e-02	1
43	71	1.41298920039550e-03	2.80231026281644e-02	1
44	71	1.38116259438655e-03	2.98212192679426e-02	1
45	71	1.34598637251524e-03	2.66663235448880e-02	1
46	71	1.32569717584325e-03	2.64079719507893e-02	1
47	71	1.29751436235045e-03	2.47177541203239e-02	1
48	71	1.27394624682176e-03	2.38736897064596e-02	1
49	71	1.24118867146461e-03	2.54806284481000e-02	1
50	71	1.20922659630950e-03	2.39209549230088e-02	1
51	71	1.18070754145905e-03	2.34814582173311e-02	1
52	71	1.14643702107349e-03	2.21685510064085e-02	1
53	71	1.12163770978461e-03	2.11734650259454e-02	1
54	71	1.08411135208497e-03	2.14318429940894e-02	1
55	71	1.06382102720194e-03	2.19243655122152e-02	1
56	71	1.03013333303620e-03	2.08699582756966e-02	1
57	71	1.00026763662196e-03	2.10935799640082e-02	1
58	71	9.66205225999896e-04	2.03472362214230e-02	1
59	71	9.27304944427253e-04	1.83766052226741e-02	1
60	71	9.04593020189140e-04	1.88370515580637e-02	1
61	71	8.50282868877438e-04	1.67167492668676e-02	1
62	71	8.16600692080818e-04	1.61026216523474e-02	1
63	71	7.36177110535111e-04	1.61750913280870e-02	1
64	71	6.58018810839278e-04	1.22456035378665e-02	1
65	71	5.55168612680342e-04	1.09158236192102e-02	1
66	71	4.51775211036670e-04	8.57211299392212e-03	1
67	71	3.73230536582835e-04	8.15292145809790e-03	1
68	71	2.69227150821801e-04	5.22202002125531e-03	1
69	71	1.89119280319042e-04	3.71682380302762e-03	1
70	71	8.62175356267293e-05	1.43512551281605e-03	1
72	71	1.12181665762390e-04	2.07565426424246e-03	1
0
